RESERVATION_DATE	CHAR_RESERVATION_DATE	MARKET_CODE_SEQ	MARKET_CODE	MARKET_CODE_DESCRIPTION	S_DEF_ROOMS_DAY	S_DEF_ROOMS_MKT	S_REV_DAY	S_REV_MKT	DAY_ROOMS	TOT_ARR_DAY	TOT_ARR_MKT	ARRIVAL_RMS_DAY	ARR_RMS_MKT	GUEST_DAY	GUEST_MKT	DOUBLE_OCC_DAY	DOUBLE_OCC_MKT	SINGLE_OCC_DAY	SINGLE_OCC_MKT	PER_DOUBLE_MKT	PER_DOUBLE_OCC_DAY	PER_OCC_DAY	PER_OCC_MKT	CS_SUM_OO_MKT	CS_AVG_OO_DAY	NO_DEFINITE_ROOMS	ARRIVAL_RMS	NO_OF_GUESTS	SINGLE_OCCUPANCY	MULTI_OCCUPANCY	TOTAL_REVENUE	OO_ROOMS	PRINT_NO_OF_ROOMS	GET_ARR	PER_OCC	MULTI_OCC_PER
07-JUL-21	07-07-21	AL4FY	AL4FY	AL4FY	58	0	5988.95	0		103.257759	0	15	0	75	0	9	0	49	0	0	15.5172414	74.3589744	0	2	2	0	0	0	0	0	0	2	0	0	0	0
07-JUL-21	07-07-21	ALHSC	ALHSC	ALHSC	58	0	5988.95	0		103.257759	0	15	0	75	0	9	0	49	0	0	15.5172414	74.3589744	0	2	2	0	0	0	0	0	0	2	0	0	0	0
07-JUL-21	07-07-21	ALHY0	ALHY0	ALHY0	58	0	5988.95	0		103.257759	0	15	0	75	0	9	0	49	0	0	15.5172414	74.3589744	0	2	2	0	0	0	0	0	0	2	0	0	0	0
07-JUL-21	07-07-21	ALIQC	ALIQC	ALIQC	58	0	5988.95	0		103.257759	0	15	0	75	0	9	0	49	0	0	15.5172414	74.3589744	0	2	2	0	0	0	0	0	0	2	0	0	0	0
07-JUL-21	07-07-21	ALJ2R	ALJ2R	ALJ2R	58	0	5988.95	0		103.257759	0	15	0	75	0	9	0	49	0	0	15.5172414	74.3589744	0	2	2	0	0	0	0	0	0	2	0	0	0	0
07-JUL-21	07-07-21	ALT29	ALT29	ALT29	58	0	5988.95	0		103.257759	0	15	0	75	0	9	0	49	0	0	15.5172414	74.3589744	0	2	2	0	0	0	0	0	0	2	0	0	0	0
07-JUL-21	07-07-21	AP027	AP027	AP027	58	0	5988.95	0		103.257759	0	15	0	75	0	9	0	49	0	0	15.5172414	74.3589744	0	2	2	0	0	0	0	0	0	2	0	0	0	0
07-JUL-21	07-07-21	AP043	AP043	AP043	58	0	5988.95	0		103.257759	0	15	0	75	0	9	0	49	0	0	15.5172414	74.3589744	0	2	2	0	0	0	0	0	0	2	0	0	0	0
07-JUL-21	07-07-21	AP05L	AP05L	AP05L	58	0	5988.95	0		103.257759	0	15	0	75	0	9	0	49	0	0	15.5172414	74.3589744	0	2	2	0	0	0	0	0	0	2	0	0	0	0
07-JUL-21	07-07-21	APENT	APENT	APENT	58	0	5988.95	0		103.257759	0	15	0	75	0	9	0	49	0	0	15.5172414	74.3589744	0	2	2	0	0	0	0	0	0	2	0	0	0	0
07-JUL-21	07-07-21	APORG	APORG	APORG	58	0	5988.95	0		103.257759	0	15	0	75	0	9	0	49	0	0	15.5172414	74.3589744	0	2	2	0	0	0	0	0	0	2	0	0	0	0
07-JUL-21	07-07-21	APWTT	APWTT	APWTT	58	0	5988.95	0		103.257759	0	15	0	75	0	9	0	49	0	0	15.5172414	74.3589744	0	2	2	0	0	0	0	0	0	2	0	0	0	0
07-JUL-21	07-07-21	HOUSE	HOUSE	HOUSE	58	0	5988.95	0		103.257759	0	15	0	75	0	9	0	49	0	0	15.5172414	74.3589744	0	2	2	0	0	0	0	0	0	2	0	0	0	0
07-JUL-21	07-07-21	IBGP1	IBGP1	IBGP1	58	0	5988.95	0		103.257759	0	15	0	75	0	9	0	49	0	0	15.5172414	74.3589744	0	2	2	0	0	0	0	0	0	2	0	0	0	0
07-JUL-21	07-07-21	IDA00	IDA00	IDA00	58	0	5988.95	0		103.257759	0	15	0	75	0	9	0	49	0	0	15.5172414	74.3589744	0	2	2	0	0	0	0	0	0	2	0	0	0	0
07-JUL-21	07-07-21	IDA0G	IDA0G	IDA0G	58	0	5988.95	0		103.257759	0	15	0	75	0	9	0	49	0	0	15.5172414	74.3589744	0	2	2	0	0	0	0	0	0	2	0	0	0	0
07-JUL-21	07-07-21	IDA10	IDA10	IDA10	58	0	5988.95	0		103.257759	0	15	0	75	0	9	0	49	0	0	15.5172414	74.3589744	0	2	2	0	0	0	0	0	0	2	0	0	0	0
07-JUL-21	07-07-21	IDA12	IDA12	IDA12	58	0	5988.95	0		103.257759	0	15	0	75	0	9	0	49	0	0	15.5172414	74.3589744	0	2	2	0	0	0	0	0	0	2	0	0	0	0
07-JUL-21	07-07-21	IDA15	IDA15	IDA15	58	0	5988.95	0		103.257759	0	15	0	75	0	9	0	49	0	0	15.5172414	74.3589744	0	2	2	0	0	0	0	0	0	2	0	0	0	0
07-JUL-21	07-07-21	IDA20	IDA20	IDA20	58	0	5988.95	0		103.257759	0	15	0	75	0	9	0	49	0	0	15.5172414	74.3589744	0	2	2	0	0	0	0	0	0	2	0	0	0	0
07-JUL-21	07-07-21	IDA25	IDA25	IDA25	58	0	5988.95	0		103.257759	0	15	0	75	0	9	0	49	0	0	15.5172414	74.3589744	0	2	2	0	0	0	0	0	0	2	0	0	0	0
07-JUL-21	07-07-21	IDAAA	IDAAA	IDAAA	58	0	5988.95	0		103.257759	0	15	0	75	0	9	0	49	0	0	15.5172414	74.3589744	0	2	2	0	0	0	0	0	0	2	0	0	0	0
07-JUL-21	07-07-21	IDACC	IDACC	IDACC	58	0	5988.95	0		103.257759	0	15	0	75	0	9	0	49	0	0	15.5172414	74.3589744	0	2	2	0	0	0	0	0	0	2	0	0	0	0
07-JUL-21	07-07-21	IDACP	IDACP	IDACP	58	0	5988.95	0		103.257759	0	15	0	75	0	9	0	49	0	0	15.5172414	74.3589744	0	2	2	0	0	0	0	0	0	2	0	0	0	0
07-JUL-21	07-07-21	IDAFS	IDAFS	IDAFS	58	1	5988.95	133.95		103.257759	133.95	15	1	75	2	9	1	49	0	100	15.5172414	74.3589744	1.28205128	2	2	1	1	2	0	1	133.95	2	1	133.95	1.28205128	100
07-JUL-21	07-07-21	IDAGP	IDAGP	IDAGP	58	0	5988.95	0		103.257759	0	15	0	75	0	9	0	49	0	0	15.5172414	74.3589744	0	2	2	0	0	0	0	0	0	2	0	0	0	0
07-JUL-21	07-07-21	IDAIB	IDAIB	IDAIB	58	0	5988.95	0		103.257759	0	15	0	75	0	9	0	49	0	0	15.5172414	74.3589744	0	2	2	0	0	0	0	0	0	2	0	0	0	0
07-JUL-21	07-07-21	IDAMR	IDAMR	IDAMR	58	0	5988.95	0		103.257759	0	15	0	75	0	9	0	49	0	0	15.5172414	74.3589744	0	2	2	0	0	0	0	0	0	2	0	0	0	0
07-JUL-21	07-07-21	IDANP	IDANP	IDANP	58	0	5988.95	0		103.257759	0	15	0	75	0	9	0	49	0	0	15.5172414	74.3589744	0	2	2	0	0	0	0	0	0	2	0	0	0	0
07-JUL-21	07-07-21	IDARP	IDARP	IDARP	58	0	5988.95	0		103.257759	0	15	0	75	0	9	0	49	0	0	15.5172414	74.3589744	0	2	2	0	0	0	0	0	0	2	0	0	0	0
07-JUL-21	07-07-21	IDAS1	IDAS1	IDAS1	58	0	5988.95	0		103.257759	0	15	0	75	0	9	0	49	0	0	15.5172414	74.3589744	0	2	2	0	0	0	0	0	0	2	0	0	0	0
07-JUL-21	07-07-21	IDAVC	IDAVC	IDAVC	58	0	5988.95	0		103.257759	0	15	0	75	0	9	0	49	0	0	15.5172414	74.3589744	0	2	2	0	0	0	0	0	0	2	0	0	0	0
07-JUL-21	07-07-21	IDAWG	IDAWG	IDAWG	58	0	5988.95	0		103.257759	0	15	0	75	0	9	0	49	0	0	15.5172414	74.3589744	0	2	2	0	0	0	0	0	0	2	0	0	0	0
07-JUL-21	07-07-21	IDAWV	IDAWV	IDAWV	58	0	5988.95	0		103.257759	0	15	0	75	0	9	0	49	0	0	15.5172414	74.3589744	0	2	2	0	0	0	0	0	0	2	0	0	0	0
07-JUL-21	07-07-21	IDAX4	IDAX4	IDAX4	58	0	5988.95	0		103.257759	0	15	0	75	0	9	0	49	0	0	15.5172414	74.3589744	0	2	2	0	0	0	0	0	0	2	0	0	0	0
07-JUL-21	07-07-21	IDBRV	IDBRV	IDBRV	58	0	5988.95	0		103.257759	0	15	0	75	0	9	0	49	0	0	15.5172414	74.3589744	0	2	2	0	0	0	0	0	0	2	0	0	0	0
07-JUL-21	07-07-21	IDCE1	IDCE1	IDCE1	58	0	5988.95	0		103.257759	0	15	0	75	0	9	0	49	0	0	15.5172414	74.3589744	0	2	2	0	0	0	0	0	0	2	0	0	0	0
07-JUL-21	07-07-21	IDCEO	IDCEO	IDCEO	58	0	5988.95	0		103.257759	0	15	0	75	0	9	0	49	0	0	15.5172414	74.3589744	0	2	2	0	0	0	0	0	0	2	0	0	0	0
07-JUL-21	07-07-21	IDH00	IDH00	IDH00	58	0	5988.95	0		103.257759	0	15	0	75	0	9	0	49	0	0	15.5172414	74.3589744	0	2	2	0	0	0	0	0	0	2	0	0	0	0
07-JUL-21	07-07-21	IDH0G	IDH0G	IDH0G	58	0	5988.95	0		103.257759	0	15	0	75	0	9	0	49	0	0	15.5172414	74.3589744	0	2	2	0	0	0	0	0	0	2	0	0	0	0
07-JUL-21	07-07-21	IDH10	IDH10	IDH10	58	0	5988.95	0		103.257759	0	15	0	75	0	9	0	49	0	0	15.5172414	74.3589744	0	2	2	0	0	0	0	0	0	2	0	0	0	0
07-JUL-21	07-07-21	IDH12	IDH12	IDH12	58	0	5988.95	0		103.257759	0	15	0	75	0	9	0	49	0	0	15.5172414	74.3589744	0	2	2	0	0	0	0	0	0	2	0	0	0	0
07-JUL-21	07-07-21	IDH14	IDH14	IDH14	58	0	5988.95	0		103.257759	0	15	0	75	0	9	0	49	0	0	15.5172414	74.3589744	0	2	2	0	0	0	0	0	0	2	0	0	0	0
07-JUL-21	07-07-21	IDH15	IDH15	IDH15	58	0	5988.95	0		103.257759	0	15	0	75	0	9	0	49	0	0	15.5172414	74.3589744	0	2	2	0	0	0	0	0	0	2	0	0	0	0
07-JUL-21	07-07-21	IDH20	IDH20	IDH20	58	0	5988.95	0		103.257759	0	15	0	75	0	9	0	49	0	0	15.5172414	74.3589744	0	2	2	0	0	0	0	0	0	2	0	0	0	0
07-JUL-21	07-07-21	IDH25	IDH25	IDH25	58	0	5988.95	0		103.257759	0	15	0	75	0	9	0	49	0	0	15.5172414	74.3589744	0	2	2	0	0	0	0	0	0	2	0	0	0	0
07-JUL-21	07-07-21	IDHCC	IDHCC	IDHCC	58	0	5988.95	0		103.257759	0	15	0	75	0	9	0	49	0	0	15.5172414	74.3589744	0	2	2	0	0	0	0	0	0	2	0	0	0	0
07-JUL-21	07-07-21	IDHCP	IDHCP	IDHCP	58	0	5988.95	0		103.257759	0	15	0	75	0	9	0	49	0	0	15.5172414	74.3589744	0	2	2	0	0	0	0	0	0	2	0	0	0	0
07-JUL-21	07-07-21	IDHGP	IDHGP	IDHGP	58	0	5988.95	0		103.257759	0	15	0	75	0	9	0	49	0	0	15.5172414	74.3589744	0	2	2	0	0	0	0	0	0	2	0	0	0	0
07-JUL-21	07-07-21	IDHIB	IDHIB	IDHIB	58	0	5988.95	0		103.257759	0	15	0	75	0	9	0	49	0	0	15.5172414	74.3589744	0	2	2	0	0	0	0	0	0	2	0	0	0	0
07-JUL-21	07-07-21	IDHNP	IDHNP	IDHNP	58	0	5988.95	0		103.257759	0	15	0	75	0	9	0	49	0	0	15.5172414	74.3589744	0	2	2	0	0	0	0	0	0	2	0	0	0	0
07-JUL-21	07-07-21	IDHVC	IDHVC	IDHVC	58	0	5988.95	0		103.257759	0	15	0	75	0	9	0	49	0	0	15.5172414	74.3589744	0	2	2	0	0	0	0	0	0	2	0	0	0	0
07-JUL-21	07-07-21	IDHWG	IDHWG	IDHWG	58	0	5988.95	0		103.257759	0	15	0	75	0	9	0	49	0	0	15.5172414	74.3589744	0	2	2	0	0	0	0	0	0	2	0	0	0	0
07-JUL-21	07-07-21	IDHWV	IDHWV	IDHWV	58	1	5988.95	169.07		103.257759	169.07	15	0	75	4	9	1	49	0	100	15.5172414	74.3589744	1.28205128	2	2	1	0	4	0	1	169.07	2	1	169.07	1.28205128	100
07-JUL-21	07-07-21	IDIN2	IDIN2	IDIN2	58	0	5988.95	0		103.257759	0	15	0	75	0	9	0	49	0	0	15.5172414	74.3589744	0	2	2	0	0	0	0	0	0	2	0	0	0	0
07-JUL-21	07-07-21	IDINR	IDINR	IDINR	58	0	5988.95	0		103.257759	0	15	0	75	0	9	0	49	0	0	15.5172414	74.3589744	0	2	2	0	0	0	0	0	0	2	0	0	0	0
07-JUL-21	07-07-21	IDL00	IDL00	IDL00	58	0	5988.95	0		103.257759	0	15	0	75	0	9	0	49	0	0	15.5172414	74.3589744	0	2	2	0	0	0	0	0	0	2	0	0	0	0
07-JUL-21	07-07-21	IDL0G	IDL0G	IDL0G	58	0	5988.95	0		103.257759	0	15	0	75	0	9	0	49	0	0	15.5172414	74.3589744	0	2	2	0	0	0	0	0	0	2	0	0	0	0
07-JUL-21	07-07-21	IDL10	IDL10	IDL10	58	0	5988.95	0		103.257759	0	15	0	75	0	9	0	49	0	0	15.5172414	74.3589744	0	2	2	0	0	0	0	0	0	2	0	0	0	0
07-JUL-21	07-07-21	IDL12	IDL12	IDL12	58	0	5988.95	0		103.257759	0	15	0	75	0	9	0	49	0	0	15.5172414	74.3589744	0	2	2	0	0	0	0	0	0	2	0	0	0	0
07-JUL-21	07-07-21	IDL14	IDL14	IDL14	58	0	5988.95	0		103.257759	0	15	0	75	0	9	0	49	0	0	15.5172414	74.3589744	0	2	2	0	0	0	0	0	0	2	0	0	0	0
07-JUL-21	07-07-21	IDL15	IDL15	IDL15	58	0	5988.95	0		103.257759	0	15	0	75	0	9	0	49	0	0	15.5172414	74.3589744	0	2	2	0	0	0	0	0	0	2	0	0	0	0
07-JUL-21	07-07-21	IDLCC	IDLCC	IDLCC	58	0	5988.95	0		103.257759	0	15	0	75	0	9	0	49	0	0	15.5172414	74.3589744	0	2	2	0	0	0	0	0	0	2	0	0	0	0
07-JUL-21	07-07-21	IDLVC	IDLVC	IDLVC	58	0	5988.95	0		103.257759	0	15	0	75	0	9	0	49	0	0	15.5172414	74.3589744	0	2	2	0	0	0	0	0	0	2	0	0	0	0
07-JUL-21	07-07-21	IDLWG	IDLWG	IDLWG	58	0	5988.95	0		103.257759	0	15	0	75	0	9	0	49	0	0	15.5172414	74.3589744	0	2	2	0	0	0	0	0	0	2	0	0	0	0
07-JUL-21	07-07-21	IDLWV	IDLWV	IDLWV	58	0	5988.95	0		103.257759	0	15	0	75	0	9	0	49	0	0	15.5172414	74.3589744	0	2	2	0	0	0	0	0	0	2	0	0	0	0
07-JUL-21	07-07-21	IDMCP	IDMCP	IDMCP	58	0	5988.95	0		103.257759	0	15	0	75	0	9	0	49	0	0	15.5172414	74.3589744	0	2	2	0	0	0	0	0	0	2	0	0	0	0
07-JUL-21	07-07-21	IDME0	IDME0	IDME0	58	1	5988.95	170.05		103.257759	170.05	15	0	75	1	9	0	49	1	0	15.5172414	74.3589744	1.28205128	2	2	1	0	1	1	0	170.05	2	1	170.05	1.28205128	0
07-JUL-21	07-07-21	IDME2	IDME2	IDME2	58	5	5988.95	814.83		103.257759	162.966	15	3	75	10	9	2	49	3	40	15.5172414	74.3589744	6.41025641	2	2	5	3	10	3	2	814.83	2	5	162.966	6.41025641	40
07-JUL-21	07-07-21	IDMEF	IDMEF	IDMEF	58	1	5988.95	115.37		103.257759	115.37	15	0	75	4	9	1	49	0	100	15.5172414	74.3589744	1.28205128	2	2	1	0	4	0	1	115.37	2	1	115.37	1.28205128	100
07-JUL-21	07-07-21	IDMES	IDMES	IDMES	58	2	5988.95	367.14		103.257759	183.57	15	1	75	4	9	2	49	0	100	15.5172414	74.3589744	2.56410256	2	2	2	1	4	0	2	367.14	2	2	183.57	2.56410256	100
07-JUL-21	07-07-21	IDOTH	IDOTH	IDOTH	58	0	5988.95	0		103.257759	0	15	0	75	0	9	0	49	0	0	15.5172414	74.3589744	0	2	2	0	0	0	0	0	0	2	0	0	0	0
07-JUL-21	07-07-21	IDOTHMGR	IDOTHMGR	IDOTHMGR	58	4	5988.95	384		103.257759	96	15	0	75	4	9	0	49	4	0	15.5172414	74.3589744	5.12820513	2	2	4	0	4	4	0	384	2	4	96	5.12820513	0
07-JUL-21	07-07-21	IDOTHWAL	IDOTHWAL	IDOTHWAL	58	0	5988.95	0		103.257759	0	15	0	75	0	9	0	49	0	0	15.5172414	74.3589744	0	2	2	0	0	0	0	0	0	2	0	0	0	0
07-JUL-21	07-07-21	IDP0A	IDP0A	IDP0A	58	0	5988.95	0		103.257759	0	15	0	75	0	9	0	49	0	0	15.5172414	74.3589744	0	2	2	0	0	0	0	0	0	2	0	0	0	0
07-JUL-21	07-07-21	IDP0B	IDP0B	IDP0B	58	0	5988.95	0		103.257759	0	15	0	75	0	9	0	49	0	0	15.5172414	74.3589744	0	2	2	0	0	0	0	0	0	2	0	0	0	0
07-JUL-21	07-07-21	IDP0C	IDP0C	IDP0C	58	0	5988.95	0		103.257759	0	15	0	75	0	9	0	49	0	0	15.5172414	74.3589744	0	2	2	0	0	0	0	0	0	2	0	0	0	0
07-JUL-21	07-07-21	IDP0D	IDP0D	IDP0D	58	0	5988.95	0		103.257759	0	15	0	75	0	9	0	49	0	0	15.5172414	74.3589744	0	2	2	0	0	0	0	0	0	2	0	0	0	0
07-JUL-21	07-07-21	IDP10	IDP10	IDP10	58	0	5988.95	0		103.257759	0	15	0	75	0	9	0	49	0	0	15.5172414	74.3589744	0	2	2	0	0	0	0	0	0	2	0	0	0	0
07-JUL-21	07-07-21	IDPA2	IDPA2	IDPA2	58	0	5988.95	0		103.257759	0	15	0	75	0	9	0	49	0	0	15.5172414	74.3589744	0	2	2	0	0	0	0	0	0	2	0	0	0	0
07-JUL-21	07-07-21	IDPAI	IDPAI	IDPAI	58	0	5988.95	0		103.257759	0	15	0	75	0	9	0	49	0	0	15.5172414	74.3589744	0	2	2	0	0	0	0	0	0	2	0	0	0	0
07-JUL-21	07-07-21	IDPB2	IDPB2	IDPB2	58	0	5988.95	0		103.257759	0	15	0	75	0	9	0	49	0	0	15.5172414	74.3589744	0	2	2	0	0	0	0	0	0	2	0	0	0	0
07-JUL-21	07-07-21	IDPBI	IDPBI	IDPBI	58	0	5988.95	0		103.257759	0	15	0	75	0	9	0	49	0	0	15.5172414	74.3589744	0	2	2	0	0	0	0	0	0	2	0	0	0	0
07-JUL-21	07-07-21	IDSLS	IDSLS	IDSLS	58	1	5988.95	185.54		103.257759	185.54	15	0	75	3	9	1	49	0	100	15.5172414	74.3589744	1.28205128	2	2	1	0	3	0	1	185.54	2	1	185.54	1.28205128	100
07-JUL-21	07-07-21	IDU00	IDU00	IDU00	58	0	5988.95	0		103.257759	0	15	0	75	0	9	0	49	0	0	15.5172414	74.3589744	0	2	2	0	0	0	0	0	0	2	0	0	0	0
07-JUL-21	07-07-21	IDU0G	IDU0G	IDU0G	58	0	5988.95	0		103.257759	0	15	0	75	0	9	0	49	0	0	15.5172414	74.3589744	0	2	2	0	0	0	0	0	0	2	0	0	0	0
07-JUL-21	07-07-21	IDU10	IDU10	IDU10	58	0	5988.95	0		103.257759	0	15	0	75	0	9	0	49	0	0	15.5172414	74.3589744	0	2	2	0	0	0	0	0	0	2	0	0	0	0
07-JUL-21	07-07-21	IDU12	IDU12	IDU12	58	0	5988.95	0		103.257759	0	15	0	75	0	9	0	49	0	0	15.5172414	74.3589744	0	2	2	0	0	0	0	0	0	2	0	0	0	0
07-JUL-21	07-07-21	IDU14	IDU14	IDU14	58	0	5988.95	0		103.257759	0	15	0	75	0	9	0	49	0	0	15.5172414	74.3589744	0	2	2	0	0	0	0	0	0	2	0	0	0	0
07-JUL-21	07-07-21	IDU15	IDU15	IDU15	58	0	5988.95	0		103.257759	0	15	0	75	0	9	0	49	0	0	15.5172414	74.3589744	0	2	2	0	0	0	0	0	0	2	0	0	0	0
07-JUL-21	07-07-21	IDU20	IDU20	IDU20	58	0	5988.95	0		103.257759	0	15	0	75	0	9	0	49	0	0	15.5172414	74.3589744	0	2	2	0	0	0	0	0	0	2	0	0	0	0
07-JUL-21	07-07-21	IDU25	IDU25	IDU25	58	0	5988.95	0		103.257759	0	15	0	75	0	9	0	49	0	0	15.5172414	74.3589744	0	2	2	0	0	0	0	0	0	2	0	0	0	0
07-JUL-21	07-07-21	IDUCC	IDUCC	IDUCC	58	0	5988.95	0		103.257759	0	15	0	75	0	9	0	49	0	0	15.5172414	74.3589744	0	2	2	0	0	0	0	0	0	2	0	0	0	0
07-JUL-21	07-07-21	IDUCP	IDUCP	IDUCP	58	0	5988.95	0		103.257759	0	15	0	75	0	9	0	49	0	0	15.5172414	74.3589744	0	2	2	0	0	0	0	0	0	2	0	0	0	0
07-JUL-21	07-07-21	IDUGP	IDUGP	IDUGP	58	0	5988.95	0		103.257759	0	15	0	75	0	9	0	49	0	0	15.5172414	74.3589744	0	2	2	0	0	0	0	0	0	2	0	0	0	0
07-JUL-21	07-07-21	IDUIB	IDUIB	IDUIB	58	0	5988.95	0		103.257759	0	15	0	75	0	9	0	49	0	0	15.5172414	74.3589744	0	2	2	0	0	0	0	0	0	2	0	0	0	0
07-JUL-21	07-07-21	IDUNP	IDUNP	IDUNP	58	0	5988.95	0		103.257759	0	15	0	75	0	9	0	49	0	0	15.5172414	74.3589744	0	2	2	0	0	0	0	0	0	2	0	0	0	0
07-JUL-21	07-07-21	IDUVC	IDUVC	IDUVC	58	0	5988.95	0		103.257759	0	15	0	75	0	9	0	49	0	0	15.5172414	74.3589744	0	2	2	0	0	0	0	0	0	2	0	0	0	0
07-JUL-21	07-07-21	IDUWG	IDUWG	IDUWG	58	0	5988.95	0		103.257759	0	15	0	75	0	9	0	49	0	0	15.5172414	74.3589744	0	2	2	0	0	0	0	0	0	2	0	0	0	0
07-JUL-21	07-07-21	IDUWV	IDUWV	IDUWV	58	0	5988.95	0		103.257759	0	15	0	75	0	9	0	49	0	0	15.5172414	74.3589744	0	2	2	0	0	0	0	0	0	2	0	0	0	0
07-JUL-21	07-07-21	IE2IV	IE2IV	IE2IV	58	0	5988.95	0		103.257759	0	15	0	75	0	9	0	49	0	0	15.5172414	74.3589744	0	2	2	0	0	0	0	0	0	2	0	0	0	0
07-JUL-21	07-07-21	IE7HP	IE7HP	IE7HP	58	0	5988.95	0		103.257759	0	15	0	75	0	9	0	49	0	0	15.5172414	74.3589744	0	2	2	0	0	0	0	0	0	2	0	0	0	0
07-JUL-21	07-07-21	IEARX	IEARX	IEARX	58	0	5988.95	0		103.257759	0	15	0	75	0	9	0	49	0	0	15.5172414	74.3589744	0	2	2	0	0	0	0	0	0	2	0	0	0	0
07-JUL-21	07-07-21	IEOU7	IEOU7	IEOU7	58	0	5988.95	0		103.257759	0	15	0	75	0	9	0	49	0	0	15.5172414	74.3589744	0	2	2	0	0	0	0	0	0	2	0	0	0	0
07-JUL-21	07-07-21	IGCOR	IGCOR	IGCOR	58	0	5988.95	0		103.257759	0	15	0	75	0	9	0	49	0	0	15.5172414	74.3589744	0	2	2	0	0	0	0	0	0	2	0	0	0	0
07-JUL-21	07-07-21	IGN1R	IGN1R	IGN1R	58	0	5988.95	0		103.257759	0	15	0	75	0	9	0	49	0	0	15.5172414	74.3589744	0	2	2	0	0	0	0	0	0	2	0	0	0	0
07-JUL-21	07-07-21	IGN2R	IGN2R	IGN2R	58	0	5988.95	0		103.257759	0	15	0	75	0	9	0	49	0	0	15.5172414	74.3589744	0	2	2	0	0	0	0	0	0	2	0	0	0	0
07-JUL-21	07-07-21	IGN3R	IGN3R	IGN3R	58	0	5988.95	0		103.257759	0	15	0	75	0	9	0	49	0	0	15.5172414	74.3589744	0	2	2	0	0	0	0	0	0	2	0	0	0	0
07-JUL-21	07-07-21	IGN4R	IGN4R	IGN4R	58	0	5988.95	0		103.257759	0	15	0	75	0	9	0	49	0	0	15.5172414	74.3589744	0	2	2	0	0	0	0	0	0	2	0	0	0	0
07-JUL-21	07-07-21	IGN5R	IGN5R	IGN5R	58	0	5988.95	0		103.257759	0	15	0	75	0	9	0	49	0	0	15.5172414	74.3589744	0	2	2	0	0	0	0	0	0	2	0	0	0	0
07-JUL-21	07-07-21	IGN6R	IGN6R	IGN6R	58	0	5988.95	0		103.257759	0	15	0	75	0	9	0	49	0	0	15.5172414	74.3589744	0	2	2	0	0	0	0	0	0	2	0	0	0	0
07-JUL-21	07-07-21	IGN8K	IGN8K	IGN8K	58	0	5988.95	0		103.257759	0	15	0	75	0	9	0	49	0	0	15.5172414	74.3589744	0	2	2	0	0	0	0	0	0	2	0	0	0	0
07-JUL-21	07-07-21	IGNP1	IGNP1	IGNP1	58	0	5988.95	0		103.257759	0	15	0	75	0	9	0	49	0	0	15.5172414	74.3589744	0	2	2	0	0	0	0	0	0	2	0	0	0	0
07-JUL-21	07-07-21	IGNSC	IGNSC	IGNSC	58	0	5988.95	0		103.257759	0	15	0	75	0	9	0	49	0	0	15.5172414	74.3589744	0	2	2	0	0	0	0	0	0	2	0	0	0	0
07-JUL-21	07-07-21	IGNSD	IGNSD	IGNSD	58	0	5988.95	0		103.257759	0	15	0	75	0	9	0	49	0	0	15.5172414	74.3589744	0	2	2	0	0	0	0	0	0	2	0	0	0	0
07-JUL-21	07-07-21	IGNSE	IGNSE	IGNSE	58	0	5988.95	0		103.257759	0	15	0	75	0	9	0	49	0	0	15.5172414	74.3589744	0	2	2	0	0	0	0	0	0	2	0	0	0	0
07-JUL-21	07-07-21	IGNSF	IGNSF	IGNSF	58	0	5988.95	0		103.257759	0	15	0	75	0	9	0	49	0	0	15.5172414	74.3589744	0	2	2	0	0	0	0	0	0	2	0	0	0	0
07-JUL-21	07-07-21	IGNSL	IGNSL	IGNSL	58	0	5988.95	0		103.257759	0	15	0	75	0	9	0	49	0	0	15.5172414	74.3589744	0	2	2	0	0	0	0	0	0	2	0	0	0	0
07-JUL-21	07-07-21	IGTMC	IGTMC	IGTMC	58	0	5988.95	0		103.257759	0	15	0	75	0	9	0	49	0	0	15.5172414	74.3589744	0	2	2	0	0	0	0	0	0	2	0	0	0	0
07-JUL-21	07-07-21	IK2KP	IK2KP	IK2KP	58	0	5988.95	0		103.257759	0	15	0	75	0	9	0	49	0	0	15.5172414	74.3589744	0	2	2	0	0	0	0	0	0	2	0	0	0	0
07-JUL-21	07-07-21	IK3KP	IK3KP	IK3KP	58	0	5988.95	0		103.257759	0	15	0	75	0	9	0	49	0	0	15.5172414	74.3589744	0	2	2	0	0	0	0	0	0	2	0	0	0	0
07-JUL-21	07-07-21	IK5KP	IK5KP	IK5KP	58	0	5988.95	0		103.257759	0	15	0	75	0	9	0	49	0	0	15.5172414	74.3589744	0	2	2	0	0	0	0	0	0	2	0	0	0	0
07-JUL-21	07-07-21	IKBPA	IKBPA	IKBPA	58	0	5988.95	0		103.257759	0	15	0	75	0	9	0	49	0	0	15.5172414	74.3589744	0	2	2	0	0	0	0	0	0	2	0	0	0	0
07-JUL-21	07-07-21	IKBPC	IKBPC	IKBPC	58	0	5988.95	0		103.257759	0	15	0	75	0	9	0	49	0	0	15.5172414	74.3589744	0	2	2	0	0	0	0	0	0	2	0	0	0	0
07-JUL-21	07-07-21	IKBPD	IKBPD	IKBPD	58	0	5988.95	0		103.257759	0	15	0	75	0	9	0	49	0	0	15.5172414	74.3589744	0	2	2	0	0	0	0	0	0	2	0	0	0	0
07-JUL-21	07-07-21	IKBPE	IKBPE	IKBPE	58	0	5988.95	0		103.257759	0	15	0	75	0	9	0	49	0	0	15.5172414	74.3589744	0	2	2	0	0	0	0	0	0	2	0	0	0	0
07-JUL-21	07-07-21	IKBPF	IKBPF	IKBPF	58	0	5988.95	0		103.257759	0	15	0	75	0	9	0	49	0	0	15.5172414	74.3589744	0	2	2	0	0	0	0	0	0	2	0	0	0	0
07-JUL-21	07-07-21	IKBPG	IKBPG	IKBPG	58	0	5988.95	0		103.257759	0	15	0	75	0	9	0	49	0	0	15.5172414	74.3589744	0	2	2	0	0	0	0	0	0	2	0	0	0	0
07-JUL-21	07-07-21	IKBPH	IKBPH	IKBPH	58	0	5988.95	0		103.257759	0	15	0	75	0	9	0	49	0	0	15.5172414	74.3589744	0	2	2	0	0	0	0	0	0	2	0	0	0	0
07-JUL-21	07-07-21	IKBPM	IKBPM	IKBPM	58	0	5988.95	0		103.257759	0	15	0	75	0	9	0	49	0	0	15.5172414	74.3589744	0	2	2	0	0	0	0	0	0	2	0	0	0	0
07-JUL-21	07-07-21	IKBPS	IKBPS	IKBPS	58	0	5988.95	0		103.257759	0	15	0	75	0	9	0	49	0	0	15.5172414	74.3589744	0	2	2	0	0	0	0	0	0	2	0	0	0	0
07-JUL-21	07-07-21	IKHB2	IKHB2	IKHB2	58	0	5988.95	0		103.257759	0	15	0	75	0	9	0	49	0	0	15.5172414	74.3589744	0	2	2	0	0	0	0	0	0	2	0	0	0	0
07-JUL-21	07-07-21	IKMA1	IKMA1	IKMA1	58	0	5988.95	0		103.257759	0	15	0	75	0	9	0	49	0	0	15.5172414	74.3589744	0	2	2	0	0	0	0	0	0	2	0	0	0	0
07-JUL-21	07-07-21	IKME3	IKME3	IKME3	58	0	5988.95	0		103.257759	0	15	0	75	0	9	0	49	0	0	15.5172414	74.3589744	0	2	2	0	0	0	0	0	0	2	0	0	0	0
07-JUL-21	07-07-21	IKME6	IKME6	IKME6	58	0	5988.95	0		103.257759	0	15	0	75	0	9	0	49	0	0	15.5172414	74.3589744	0	2	2	0	0	0	0	0	0	2	0	0	0	0
07-JUL-21	07-07-21	IKME8	IKME8	IKME8	58	0	5988.95	0		103.257759	0	15	0	75	0	9	0	49	0	0	15.5172414	74.3589744	0	2	2	0	0	0	0	0	0	2	0	0	0	0
07-JUL-21	07-07-21	IKPCM	IKPCM	IKPCM	58	0	5988.95	0		103.257759	0	15	0	75	0	9	0	49	0	0	15.5172414	74.3589744	0	2	2	0	0	0	0	0	0	2	0	0	0	0
07-JUL-21	07-07-21	IKPT5	IKPT5	IKPT5	58	0	5988.95	0		103.257759	0	15	0	75	0	9	0	49	0	0	15.5172414	74.3589744	0	2	2	0	0	0	0	0	0	2	0	0	0	0
07-JUL-21	07-07-21	IL0NI	IL0NI	IL0NI	58	0	5988.95	0		103.257759	0	15	0	75	0	9	0	49	0	0	15.5172414	74.3589744	0	2	2	0	0	0	0	0	0	2	0	0	0	0
07-JUL-21	07-07-21	IL0XK	IL0XK	IL0XK	58	0	5988.95	0		103.257759	0	15	0	75	0	9	0	49	0	0	15.5172414	74.3589744	0	2	2	0	0	0	0	0	0	2	0	0	0	0
07-JUL-21	07-07-21	IL12K	IL12K	IL12K	58	0	5988.95	0		103.257759	0	15	0	75	0	9	0	49	0	0	15.5172414	74.3589744	0	2	2	0	0	0	0	0	0	2	0	0	0	0
07-JUL-21	07-07-21	IL2HC	IL2HC	IL2HC	58	0	5988.95	0		103.257759	0	15	0	75	0	9	0	49	0	0	15.5172414	74.3589744	0	2	2	0	0	0	0	0	0	2	0	0	0	0
07-JUL-21	07-07-21	IL34K	IL34K	IL34K	58	0	5988.95	0		103.257759	0	15	0	75	0	9	0	49	0	0	15.5172414	74.3589744	0	2	2	0	0	0	0	0	0	2	0	0	0	0
07-JUL-21	07-07-21	IL3VA	IL3VA	IL3VA	58	0	5988.95	0		103.257759	0	15	0	75	0	9	0	49	0	0	15.5172414	74.3589744	0	2	2	0	0	0	0	0	0	2	0	0	0	0
07-JUL-21	07-07-21	IL404	IL404	IL404	58	0	5988.95	0		103.257759	0	15	0	75	0	9	0	49	0	0	15.5172414	74.3589744	0	2	2	0	0	0	0	0	0	2	0	0	0	0
07-JUL-21	07-07-21	IL48T	IL48T	IL48T	58	0	5988.95	0		103.257759	0	15	0	75	0	9	0	49	0	0	15.5172414	74.3589744	0	2	2	0	0	0	0	0	0	2	0	0	0	0
07-JUL-21	07-07-21	IL4DU	IL4DU	IL4DU	58	0	5988.95	0		103.257759	0	15	0	75	0	9	0	49	0	0	15.5172414	74.3589744	0	2	2	0	0	0	0	0	0	2	0	0	0	0
07-JUL-21	07-07-21	IL4XD	IL4XD	IL4XD	58	0	5988.95	0		103.257759	0	15	0	75	0	9	0	49	0	0	15.5172414	74.3589744	0	2	2	0	0	0	0	0	0	2	0	0	0	0
07-JUL-21	07-07-21	IL5FP	IL5FP	IL5FP	58	2	5988.95	172		103.257759	86	15	0	75	2	9	0	49	2	0	15.5172414	74.3589744	2.56410256	2	2	2	0	2	2	0	172	2	2	86	2.56410256	0
07-JUL-21	07-07-21	IL642	IL642	IL642	58	0	5988.95	0		103.257759	0	15	0	75	0	9	0	49	0	0	15.5172414	74.3589744	0	2	2	0	0	0	0	0	0	2	0	0	0	0
07-JUL-21	07-07-21	IL7CZ	IL7CZ	IL7CZ	58	0	5988.95	0		103.257759	0	15	0	75	0	9	0	49	0	0	15.5172414	74.3589744	0	2	2	0	0	0	0	0	0	2	0	0	0	0
07-JUL-21	07-07-21	IL7F4	IL7F4	IL7F4	58	0	5988.95	0		103.257759	0	15	0	75	0	9	0	49	0	0	15.5172414	74.3589744	0	2	2	0	0	0	0	0	0	2	0	0	0	0
07-JUL-21	07-07-21	IL7F5	IL7F5	IL7F5	58	0	5988.95	0		103.257759	0	15	0	75	0	9	0	49	0	0	15.5172414	74.3589744	0	2	2	0	0	0	0	0	0	2	0	0	0	0
07-JUL-21	07-07-21	IL7X4	IL7X4	IL7X4	58	22	5988.95	1892		103.257759	86	15	10	75	22	9	0	49	22	0	15.5172414	74.3589744	28.2051282	2	2	22	10	22	22	0	1892	2	22	86	28.2051282	0
07-JUL-21	07-07-21	IL7YF	IL7YF	IL7YF	58	0	5988.95	0		103.257759	0	15	0	75	0	9	0	49	0	0	15.5172414	74.3589744	0	2	2	0	0	0	0	0	0	2	0	0	0	0
07-JUL-21	07-07-21	IL8QU	IL8QU	IL8QU	58	0	5988.95	0		103.257759	0	15	0	75	0	9	0	49	0	0	15.5172414	74.3589744	0	2	2	0	0	0	0	0	0	2	0	0	0	0
07-JUL-21	07-07-21	IL8UF	IL8UF	IL8UF	58	0	5988.95	0		103.257759	0	15	0	75	0	9	0	49	0	0	15.5172414	74.3589744	0	2	2	0	0	0	0	0	0	2	0	0	0	0
07-JUL-21	07-07-21	IL8VA	IL8VA	IL8VA	58	0	5988.95	0		103.257759	0	15	0	75	0	9	0	49	0	0	15.5172414	74.3589744	0	2	2	0	0	0	0	0	0	2	0	0	0	0
07-JUL-21	07-07-21	IL8VE	IL8VE	IL8VE	58	0	5988.95	0		103.257759	0	15	0	75	0	9	0	49	0	0	15.5172414	74.3589744	0	2	2	0	0	0	0	0	0	2	0	0	0	0
07-JUL-21	07-07-21	ILATP	ILATP	ILATP	58	0	5988.95	0		103.257759	0	15	0	75	0	9	0	49	0	0	15.5172414	74.3589744	0	2	2	0	0	0	0	0	0	2	0	0	0	0
07-JUL-21	07-07-21	ILB84	ILB84	ILB84	58	0	5988.95	0		103.257759	0	15	0	75	0	9	0	49	0	0	15.5172414	74.3589744	0	2	2	0	0	0	0	0	0	2	0	0	0	0
07-JUL-21	07-07-21	ILBB8	ILBB8	ILBB8	58	0	5988.95	0		103.257759	0	15	0	75	0	9	0	49	0	0	15.5172414	74.3589744	0	2	2	0	0	0	0	0	0	2	0	0	0	0
07-JUL-21	07-07-21	ILBR8	ILBR8	ILBR8	58	0	5988.95	0		103.257759	0	15	0	75	0	9	0	49	0	0	15.5172414	74.3589744	0	2	2	0	0	0	0	0	0	2	0	0	0	0
07-JUL-21	07-07-21	ILCOR	ILCOR	ILCOR	58	0	5988.95	0		103.257759	0	15	0	75	0	9	0	49	0	0	15.5172414	74.3589744	0	2	2	0	0	0	0	0	0	2	0	0	0	0
07-JUL-21	07-07-21	ILCRK	ILCRK	ILCRK	58	0	5988.95	0		103.257759	0	15	0	75	0	9	0	49	0	0	15.5172414	74.3589744	0	2	2	0	0	0	0	0	0	2	0	0	0	0
07-JUL-21	07-07-21	ILD3V	ILD3V	ILD3V	58	0	5988.95	0		103.257759	0	15	0	75	0	9	0	49	0	0	15.5172414	74.3589744	0	2	2	0	0	0	0	0	0	2	0	0	0	0
07-JUL-21	07-07-21	ILDM8	ILDM8	ILDM8	58	0	5988.95	0		103.257759	0	15	0	75	0	9	0	49	0	0	15.5172414	74.3589744	0	2	2	0	0	0	0	0	0	2	0	0	0	0
07-JUL-21	07-07-21	ILETM	ILETM	ILETM	58	0	5988.95	0		103.257759	0	15	0	75	0	9	0	49	0	0	15.5172414	74.3589744	0	2	2	0	0	0	0	0	0	2	0	0	0	0
07-JUL-21	07-07-21	ILFE2	ILFE2	ILFE2	58	0	5988.95	0		103.257759	0	15	0	75	0	9	0	49	0	0	15.5172414	74.3589744	0	2	2	0	0	0	0	0	0	2	0	0	0	0
07-JUL-21	07-07-21	ILHJO	ILHJO	ILHJO	58	0	5988.95	0		103.257759	0	15	0	75	0	9	0	49	0	0	15.5172414	74.3589744	0	2	2	0	0	0	0	0	0	2	0	0	0	0
07-JUL-21	07-07-21	ILHOM	ILHOM	ILHOM	58	0	5988.95	0		103.257759	0	15	0	75	0	9	0	49	0	0	15.5172414	74.3589744	0	2	2	0	0	0	0	0	0	2	0	0	0	0
07-JUL-21	07-07-21	ILKEW	ILKEW	ILKEW	58	0	5988.95	0		103.257759	0	15	0	75	0	9	0	49	0	0	15.5172414	74.3589744	0	2	2	0	0	0	0	0	0	2	0	0	0	0
07-JUL-21	07-07-21	ILM63	ILM63	ILM63	58	0	5988.95	0		103.257759	0	15	0	75	0	9	0	49	0	0	15.5172414	74.3589744	0	2	2	0	0	0	0	0	0	2	0	0	0	0
07-JUL-21	07-07-21	ILNEG	ILNEG	ILNEG	58	0	5988.95	0		103.257759	0	15	0	75	0	9	0	49	0	0	15.5172414	74.3589744	0	2	2	0	0	0	0	0	0	2	0	0	0	0
07-JUL-21	07-07-21	ILNEW	ILNEW	ILNEW	58	0	5988.95	0		103.257759	0	15	0	75	0	9	0	49	0	0	15.5172414	74.3589744	0	2	2	0	0	0	0	0	0	2	0	0	0	0
07-JUL-21	07-07-21	ILOP0	ILOP0	ILOP0	58	0	5988.95	0		103.257759	0	15	0	75	0	9	0	49	0	0	15.5172414	74.3589744	0	2	2	0	0	0	0	0	0	2	0	0	0	0
07-JUL-21	07-07-21	ILP12	ILP12	ILP12	58	0	5988.95	0		103.257759	0	15	0	75	0	9	0	49	0	0	15.5172414	74.3589744	0	2	2	0	0	0	0	0	0	2	0	0	0	0
07-JUL-21	07-07-21	ILR2V	ILR2V	ILR2V	58	0	5988.95	0		103.257759	0	15	0	75	0	9	0	49	0	0	15.5172414	74.3589744	0	2	2	0	0	0	0	0	0	2	0	0	0	0
07-JUL-21	07-07-21	ILRJ2	ILRJ2	ILRJ2	58	0	5988.95	0		103.257759	0	15	0	75	0	9	0	49	0	0	15.5172414	74.3589744	0	2	2	0	0	0	0	0	0	2	0	0	0	0
07-JUL-21	07-07-21	ILRW2	ILRW2	ILRW2	58	3	5988.95	288		103.257759	96	15	0	75	3	9	0	49	3	0	15.5172414	74.3589744	3.84615385	2	2	3	0	3	3	0	288	2	3	96	3.84615385	0
07-JUL-21	07-07-21	ILSHT	ILSHT	ILSHT	58	0	5988.95	0		103.257759	0	15	0	75	0	9	0	49	0	0	15.5172414	74.3589744	0	2	2	0	0	0	0	0	0	2	0	0	0	0
07-JUL-21	07-07-21	ILSNY	ILSNY	ILSNY	58	0	5988.95	0		103.257759	0	15	0	75	0	9	0	49	0	0	15.5172414	74.3589744	0	2	2	0	0	0	0	0	0	2	0	0	0	0
07-JUL-21	07-07-21	ILSRI	ILSRI	ILSRI	58	0	5988.95	0		103.257759	0	15	0	75	0	9	0	49	0	0	15.5172414	74.3589744	0	2	2	0	0	0	0	0	0	2	0	0	0	0
07-JUL-21	07-07-21	ILTN2	ILTN2	ILTN2	58	0	5988.95	0		103.257759	0	15	0	75	0	9	0	49	0	0	15.5172414	74.3589744	0	2	2	0	0	0	0	0	0	2	0	0	0	0
07-JUL-21	07-07-21	ILUUO	ILUUO	ILUUO	58	0	5988.95	0		103.257759	0	15	0	75	0	9	0	49	0	0	15.5172414	74.3589744	0	2	2	0	0	0	0	0	0	2	0	0	0	0
07-JUL-21	07-07-21	ILWMZ	ILWMZ	ILWMZ	58	0	5988.95	0		103.257759	0	15	0	75	0	9	0	49	0	0	15.5172414	74.3589744	0	2	2	0	0	0	0	0	0	2	0	0	0	0
07-JUL-21	07-07-21	ILWNI	ILWNI	ILWNI	58	0	5988.95	0		103.257759	0	15	0	75	0	9	0	49	0	0	15.5172414	74.3589744	0	2	2	0	0	0	0	0	0	2	0	0	0	0
07-JUL-21	07-07-21	ILWPO	ILWPO	ILWPO	58	0	5988.95	0		103.257759	0	15	0	75	0	9	0	49	0	0	15.5172414	74.3589744	0	2	2	0	0	0	0	0	0	2	0	0	0	0
07-JUL-21	07-07-21	ILXLY	ILXLY	ILXLY	58	0	5988.95	0		103.257759	0	15	0	75	0	9	0	49	0	0	15.5172414	74.3589744	0	2	2	0	0	0	0	0	0	2	0	0	0	0
07-JUL-21	07-07-21	ILXM6	ILXM6	ILXM6	58	0	5988.95	0		103.257759	0	15	0	75	0	9	0	49	0	0	15.5172414	74.3589744	0	2	2	0	0	0	0	0	0	2	0	0	0	0
07-JUL-21	07-07-21	ILYDT	ILYDT	ILYDT	58	0	5988.95	0		103.257759	0	15	0	75	0	9	0	49	0	0	15.5172414	74.3589744	0	2	2	0	0	0	0	0	0	2	0	0	0	0
07-JUL-21	07-07-21	ILYE6	ILYE6	ILYE6	58	0	5988.95	0		103.257759	0	15	0	75	0	9	0	49	0	0	15.5172414	74.3589744	0	2	2	0	0	0	0	0	0	2	0	0	0	0
07-JUL-21	07-07-21	ILZNV	ILZNV	ILZNV	58	0	5988.95	0		103.257759	0	15	0	75	0	9	0	49	0	0	15.5172414	74.3589744	0	2	2	0	0	0	0	0	0	2	0	0	0	0
07-JUL-21	07-07-21	IMGOV	IMGOV	IMGOV	58	3	5988.95	288		103.257759	96	15	0	75	3	9	0	49	3	0	15.5172414	74.3589744	3.84615385	2	2	3	0	3	3	0	288	2	3	96	3.84615385	0
07-JUL-21	07-07-21	IMMLR	IMMLR	IMMLR	58	0	5988.95	0		103.257759	0	15	0	75	0	9	0	49	0	0	15.5172414	74.3589744	0	2	2	0	0	0	0	0	0	2	0	0	0	0
07-JUL-21	07-07-21	IMSTI	IMSTI	IMSTI	58	0	5988.95	0		103.257759	0	15	0	75	0	9	0	49	0	0	15.5172414	74.3589744	0	2	2	0	0	0	0	0	0	2	0	0	0	0
07-JUL-21	07-07-21	INCMP	INCMP	INCMP	58	0	5988.95	0		103.257759	0	15	0	75	0	9	0	49	0	0	15.5172414	74.3589744	0	2	2	0	0	0	0	0	0	2	0	0	0	0
07-JUL-21	07-07-21	INIOA	INIOA	INIOA	58	0	5988.95	0		103.257759	0	15	0	75	0	9	0	49	0	0	15.5172414	74.3589744	0	2	2	0	0	0	0	0	0	2	0	0	0	0
07-JUL-21	07-07-21	IP2M2	IP2M2	IP2M2	58	0	5988.95	0		103.257759	0	15	0	75	0	9	0	49	0	0	15.5172414	74.3589744	0	2	2	0	0	0	0	0	0	2	0	0	0	0
07-JUL-21	07-07-21	IP2X4	IP2X4	IP2X4	58	0	5988.95	0		103.257759	0	15	0	75	0	9	0	49	0	0	15.5172414	74.3589744	0	2	2	0	0	0	0	0	0	2	0	0	0	0
07-JUL-21	07-07-21	IP4AE	IP4AE	IP4AE	58	0	5988.95	0		103.257759	0	15	0	75	0	9	0	49	0	0	15.5172414	74.3589744	0	2	2	0	0	0	0	0	0	2	0	0	0	0
07-JUL-21	07-07-21	IP4LW	IP4LW	IP4LW	58	0	5988.95	0		103.257759	0	15	0	75	0	9	0	49	0	0	15.5172414	74.3589744	0	2	2	0	0	0	0	0	0	2	0	0	0	0
07-JUL-21	07-07-21	IP7FY	IP7FY	IP7FY	58	0	5988.95	0		103.257759	0	15	0	75	0	9	0	49	0	0	15.5172414	74.3589744	0	2	2	0	0	0	0	0	0	2	0	0	0	0
07-JUL-21	07-07-21	IP7G4	IP7G4	IP7G4	58	0	5988.95	0		103.257759	0	15	0	75	0	9	0	49	0	0	15.5172414	74.3589744	0	2	2	0	0	0	0	0	0	2	0	0	0	0
07-JUL-21	07-07-21	IPABC	IPABC	IPABC	58	0	5988.95	0		103.257759	0	15	0	75	0	9	0	49	0	0	15.5172414	74.3589744	0	2	2	0	0	0	0	0	0	2	0	0	0	0
07-JUL-21	07-07-21	IPABD	IPABD	IPABD	58	0	5988.95	0		103.257759	0	15	0	75	0	9	0	49	0	0	15.5172414	74.3589744	0	2	2	0	0	0	0	0	0	2	0	0	0	0
07-JUL-21	07-07-21	IPAG2	IPAG2	IPAG2	58	0	5988.95	0		103.257759	0	15	0	75	0	9	0	49	0	0	15.5172414	74.3589744	0	2	2	0	0	0	0	0	0	2	0	0	0	0
07-JUL-21	07-07-21	IPAGT	IPAGT	IPAGT	58	0	5988.95	0		103.257759	0	15	0	75	0	9	0	49	0	0	15.5172414	74.3589744	0	2	2	0	0	0	0	0	0	2	0	0	0	0
07-JUL-21	07-07-21	IPAK1	IPAK1	IPAK1	58	0	5988.95	0		103.257759	0	15	0	75	0	9	0	49	0	0	15.5172414	74.3589744	0	2	2	0	0	0	0	0	0	2	0	0	0	0
07-JUL-21	07-07-21	IPAPC	IPAPC	IPAPC	58	0	5988.95	0		103.257759	0	15	0	75	0	9	0	49	0	0	15.5172414	74.3589744	0	2	2	0	0	0	0	0	0	2	0	0	0	0
07-JUL-21	07-07-21	IPBCD	IPBCD	IPBCD	58	0	5988.95	0		103.257759	0	15	0	75	0	9	0	49	0	0	15.5172414	74.3589744	0	2	2	0	0	0	0	0	0	2	0	0	0	0
07-JUL-21	07-07-21	IPBE4	IPBE4	IPBE4	58	4	5988.95	384		103.257759	96	15	0	75	4	9	0	49	4	0	15.5172414	74.3589744	5.12820513	2	2	4	0	4	4	0	384	2	4	96	5.12820513	0
07-JUL-21	07-07-21	IPBMC	IPBMC	IPBMC	58	0	5988.95	0		103.257759	0	15	0	75	0	9	0	49	0	0	15.5172414	74.3589744	0	2	2	0	0	0	0	0	0	2	0	0	0	0
07-JUL-21	07-07-21	IPBOC	IPBOC	IPBOC	58	0	5988.95	0		103.257759	0	15	0	75	0	9	0	49	0	0	15.5172414	74.3589744	0	2	2	0	0	0	0	0	0	2	0	0	0	0
07-JUL-21	07-07-21	IPBOE	IPBOE	IPBOE	58	0	5988.95	0		103.257759	0	15	0	75	0	9	0	49	0	0	15.5172414	74.3589744	0	2	2	0	0	0	0	0	0	2	0	0	0	0
07-JUL-21	07-07-21	IPBSI	IPBSI	IPBSI	58	0	5988.95	0		103.257759	0	15	0	75	0	9	0	49	0	0	15.5172414	74.3589744	0	2	2	0	0	0	0	0	0	2	0	0	0	0
07-JUL-21	07-07-21	IPBYN	IPBYN	IPBYN	58	0	5988.95	0		103.257759	0	15	0	75	0	9	0	49	0	0	15.5172414	74.3589744	0	2	2	0	0	0	0	0	0	2	0	0	0	0
07-JUL-21	07-07-21	IPCCR	IPCCR	IPCCR	58	0	5988.95	0		103.257759	0	15	0	75	0	9	0	49	0	0	15.5172414	74.3589744	0	2	2	0	0	0	0	0	0	2	0	0	0	0
07-JUL-21	07-07-21	IPCEJ	IPCEJ	IPCEJ	58	0	5988.95	0		103.257759	0	15	0	75	0	9	0	49	0	0	15.5172414	74.3589744	0	2	2	0	0	0	0	0	0	2	0	0	0	0
07-JUL-21	07-07-21	IPCTS	IPCTS	IPCTS	58	0	5988.95	0		103.257759	0	15	0	75	0	9	0	49	0	0	15.5172414	74.3589744	0	2	2	0	0	0	0	0	0	2	0	0	0	0
07-JUL-21	07-07-21	IPCWT	IPCWT	IPCWT	58	0	5988.95	0		103.257759	0	15	0	75	0	9	0	49	0	0	15.5172414	74.3589744	0	2	2	0	0	0	0	0	0	2	0	0	0	0
07-JUL-21	07-07-21	IPEMB	IPEMB	IPEMB	58	0	5988.95	0		103.257759	0	15	0	75	0	9	0	49	0	0	15.5172414	74.3589744	0	2	2	0	0	0	0	0	0	2	0	0	0	0
07-JUL-21	07-07-21	IPF90	IPF90	IPF90	58	2	5988.95	172		103.257759	86	15	0	75	2	9	0	49	2	0	15.5172414	74.3589744	2.56410256	2	2	2	0	2	2	0	172	2	2	86	2.56410256	0
07-JUL-21	07-07-21	IPFCI	IPFCI	IPFCI	58	0	5988.95	0		103.257759	0	15	0	75	0	9	0	49	0	0	15.5172414	74.3589744	0	2	2	0	0	0	0	0	0	2	0	0	0	0
07-JUL-21	07-07-21	IPHON	IPHON	IPHON	58	0	5988.95	0		103.257759	0	15	0	75	0	9	0	49	0	0	15.5172414	74.3589744	0	2	2	0	0	0	0	0	0	2	0	0	0	0
07-JUL-21	07-07-21	IPHRP	IPHRP	IPHRP	58	0	5988.95	0		103.257759	0	15	0	75	0	9	0	49	0	0	15.5172414	74.3589744	0	2	2	0	0	0	0	0	0	2	0	0	0	0
07-JUL-21	07-07-21	IPIZ0	IPIZ0	IPIZ0	58	0	5988.95	0		103.257759	0	15	0	75	0	9	0	49	0	0	15.5172414	74.3589744	0	2	2	0	0	0	0	0	0	2	0	0	0	0
07-JUL-21	07-07-21	IPJTB	IPJTB	IPJTB	58	0	5988.95	0		103.257759	0	15	0	75	0	9	0	49	0	0	15.5172414	74.3589744	0	2	2	0	0	0	0	0	0	2	0	0	0	0
07-JUL-21	07-07-21	IPLKM	IPLKM	IPLKM	58	0	5988.95	0		103.257759	0	15	0	75	0	9	0	49	0	0	15.5172414	74.3589744	0	2	2	0	0	0	0	0	0	2	0	0	0	0
07-JUL-21	07-07-21	IPLLC	IPLLC	IPLLC	58	0	5988.95	0		103.257759	0	15	0	75	0	9	0	49	0	0	15.5172414	74.3589744	0	2	2	0	0	0	0	0	0	2	0	0	0	0
07-JUL-21	07-07-21	IPLLL	IPLLL	IPLLL	58	0	5988.95	0		103.257759	0	15	0	75	0	9	0	49	0	0	15.5172414	74.3589744	0	2	2	0	0	0	0	0	0	2	0	0	0	0
07-JUL-21	07-07-21	IPM8X	IPM8X	IPM8X	58	0	5988.95	0		103.257759	0	15	0	75	0	9	0	49	0	0	15.5172414	74.3589744	0	2	2	0	0	0	0	0	0	2	0	0	0	0
07-JUL-21	07-07-21	IPMOT	IPMOT	IPMOT	58	0	5988.95	0		103.257759	0	15	0	75	0	9	0	49	0	0	15.5172414	74.3589744	0	2	2	0	0	0	0	0	0	2	0	0	0	0
07-JUL-21	07-07-21	IPNGA	IPNGA	IPNGA	58	0	5988.95	0		103.257759	0	15	0	75	0	9	0	49	0	0	15.5172414	74.3589744	0	2	2	0	0	0	0	0	0	2	0	0	0	0
07-JUL-21	07-07-21	IPNTG	IPNTG	IPNTG	58	0	5988.95	0		103.257759	0	15	0	75	0	9	0	49	0	0	15.5172414	74.3589744	0	2	2	0	0	0	0	0	0	2	0	0	0	0
07-JUL-21	07-07-21	IPORN	IPORN	IPORN	58	0	5988.95	0		103.257759	0	15	0	75	0	9	0	49	0	0	15.5172414	74.3589744	0	2	2	0	0	0	0	0	0	2	0	0	0	0
07-JUL-21	07-07-21	IPRAY	IPRAY	IPRAY	58	3	5988.95	288		103.257759	96	15	0	75	3	9	0	49	3	0	15.5172414	74.3589744	3.84615385	2	2	3	0	3	3	0	288	2	3	96	3.84615385	0
07-JUL-21	07-07-21	IPSAI	IPSAI	IPSAI	58	0	5988.95	0		103.257759	0	15	0	75	0	9	0	49	0	0	15.5172414	74.3589744	0	2	2	0	0	0	0	0	0	2	0	0	0	0
07-JUL-21	07-07-21	IPSGV	IPSGV	IPSGV	58	0	5988.95	0		103.257759	0	15	0	75	0	9	0	49	0	0	15.5172414	74.3589744	0	2	2	0	0	0	0	0	0	2	0	0	0	0
07-JUL-21	07-07-21	IPSTF	IPSTF	IPSTF	58	0	5988.95	0		103.257759	0	15	0	75	0	9	0	49	0	0	15.5172414	74.3589744	0	2	2	0	0	0	0	0	0	2	0	0	0	0
07-JUL-21	07-07-21	IPSTN	IPSTN	IPSTN	58	0	5988.95	0		103.257759	0	15	0	75	0	9	0	49	0	0	15.5172414	74.3589744	0	2	2	0	0	0	0	0	0	2	0	0	0	0
07-JUL-21	07-07-21	IPTHR	IPTHR	IPTHR	58	0	5988.95	0		103.257759	0	15	0	75	0	9	0	49	0	0	15.5172414	74.3589744	0	2	2	0	0	0	0	0	0	2	0	0	0	0
07-JUL-21	07-07-21	IPTSA	IPTSA	IPTSA	58	0	5988.95	0		103.257759	0	15	0	75	0	9	0	49	0	0	15.5172414	74.3589744	0	2	2	0	0	0	0	0	0	2	0	0	0	0
07-JUL-21	07-07-21	IPTT1	IPTT1	IPTT1	58	0	5988.95	0		103.257759	0	15	0	75	0	9	0	49	0	0	15.5172414	74.3589744	0	2	2	0	0	0	0	0	0	2	0	0	0	0
07-JUL-21	07-07-21	IPUTI	IPUTI	IPUTI	58	0	5988.95	0		103.257759	0	15	0	75	0	9	0	49	0	0	15.5172414	74.3589744	0	2	2	0	0	0	0	0	0	2	0	0	0	0
07-JUL-21	07-07-21	IPUX0	IPUX0	IPUX0	58	1	5988.95	105		103.257759	105	15	0	75	1	9	0	49	1	0	15.5172414	74.3589744	1.28205128	2	2	1	0	1	1	0	105	2	1	105	1.28205128	0
07-JUL-21	07-07-21	IPUZB	IPUZB	IPUZB	58	0	5988.95	0		103.257759	0	15	0	75	0	9	0	49	0	0	15.5172414	74.3589744	0	2	2	0	0	0	0	0	0	2	0	0	0	0
07-JUL-21	07-07-21	IPVU1	IPVU1	IPVU1	58	0	5988.95	0		103.257759	0	15	0	75	0	9	0	49	0	0	15.5172414	74.3589744	0	2	2	0	0	0	0	0	0	2	0	0	0	0
07-JUL-21	07-07-21	IPWLA	IPWLA	IPWLA	58	0	5988.95	0		103.257759	0	15	0	75	0	9	0	49	0	0	15.5172414	74.3589744	0	2	2	0	0	0	0	0	0	2	0	0	0	0
07-JUL-21	07-07-21	IPWQD	IPWQD	IPWQD	58	0	5988.95	0		103.257759	0	15	0	75	0	9	0	49	0	0	15.5172414	74.3589744	0	2	2	0	0	0	0	0	0	2	0	0	0	0
07-JUL-21	07-07-21	IPXA3	IPXA3	IPXA3	58	0	5988.95	0		103.257759	0	15	0	75	0	9	0	49	0	0	15.5172414	74.3589744	0	2	2	0	0	0	0	0	0	2	0	0	0	0
07-JUL-21	07-07-21	IPXAL	IPXAL	IPXAL	58	0	5988.95	0		103.257759	0	15	0	75	0	9	0	49	0	0	15.5172414	74.3589744	0	2	2	0	0	0	0	0	0	2	0	0	0	0
07-JUL-21	07-07-21	IPZAS	IPZAS	IPZAS	58	0	5988.95	0		103.257759	0	15	0	75	0	9	0	49	0	0	15.5172414	74.3589744	0	2	2	0	0	0	0	0	0	2	0	0	0	0
07-JUL-21	07-07-21	IPZD4	IPZD4	IPZD4	58	0	5988.95	0		103.257759	0	15	0	75	0	9	0	49	0	0	15.5172414	74.3589744	0	2	2	0	0	0	0	0	0	2	0	0	0	0
07-JUL-21	07-07-21	IRCUO	IRCUO	IRCUO	58	0	5988.95	0		103.257759	0	15	0	75	0	9	0	49	0	0	15.5172414	74.3589744	0	2	2	0	0	0	0	0	0	2	0	0	0	0
07-JUL-21	07-07-21	IRRCK	IRRCK	IRRCK	58	0	5988.95	0		103.257759	0	15	0	75	0	9	0	49	0	0	15.5172414	74.3589744	0	2	2	0	0	0	0	0	0	2	0	0	0	0
07-JUL-21	07-07-21	ISHD1	ISHD1	ISHD1	58	0	5988.95	0		103.257759	0	15	0	75	0	9	0	49	0	0	15.5172414	74.3589744	0	2	2	0	0	0	0	0	0	2	0	0	0	0
07-JUL-21	07-07-21	IVACN	IVACN	IVACN	58	0	5988.95	0		103.257759	0	15	0	75	0	9	0	49	0	0	15.5172414	74.3589744	0	2	2	0	0	0	0	0	0	2	0	0	0	0
07-JUL-21	07-07-21	IVALP	IVALP	IVALP	58	0	5988.95	0		103.257759	0	15	0	75	0	9	0	49	0	0	15.5172414	74.3589744	0	2	2	0	0	0	0	0	0	2	0	0	0	0
07-JUL-21	07-07-21	IVAMX	IVAMX	IVAMX	58	0	5988.95	0		103.257759	0	15	0	75	0	9	0	49	0	0	15.5172414	74.3589744	0	2	2	0	0	0	0	0	0	2	0	0	0	0
07-JUL-21	07-07-21	IVANI	IVANI	IVANI	58	2	5988.95	60		103.257759	30	15	0	75	3	9	1	49	1	50	15.5172414	74.3589744	2.56410256	2	2	2	0	3	1	1	60	2	2	30	2.56410256	50
07-JUL-21	07-07-21	IVBFN	IVBFN	IVBFN	58	0	5988.95	0		103.257759	0	15	0	75	0	9	0	49	0	0	15.5172414	74.3589744	0	2	2	0	0	0	0	0	0	2	0	0	0	0
07-JUL-21	07-07-21	IVCFN	IVCFN	IVCFN	58	0	5988.95	0		103.257759	0	15	0	75	0	9	0	49	0	0	15.5172414	74.3589744	0	2	2	0	0	0	0	0	0	2	0	0	0	0
07-JUL-21	07-07-21	IVCIT	IVCIT	IVCIT	58	0	5988.95	0		103.257759	0	15	0	75	0	9	0	49	0	0	15.5172414	74.3589744	0	2	2	0	0	0	0	0	0	2	0	0	0	0
07-JUL-21	07-07-21	IVED2	IVED2	IVED2	58	0	5988.95	0		103.257759	0	15	0	75	0	9	0	49	0	0	15.5172414	74.3589744	0	2	2	0	0	0	0	0	0	2	0	0	0	0
07-JUL-21	07-07-21	IVEDI	IVEDI	IVEDI	58	0	5988.95	0		103.257759	0	15	0	75	0	9	0	49	0	0	15.5172414	74.3589744	0	2	2	0	0	0	0	0	0	2	0	0	0	0
07-JUL-21	07-07-21	IVFF3	IVFF3	IVFF3	58	0	5988.95	0		103.257759	0	15	0	75	0	9	0	49	0	0	15.5172414	74.3589744	0	2	2	0	0	0	0	0	0	2	0	0	0	0
07-JUL-21	07-07-21	IVGPP	IVGPP	IVGPP	58	0	5988.95	0		103.257759	0	15	0	75	0	9	0	49	0	0	15.5172414	74.3589744	0	2	2	0	0	0	0	0	0	2	0	0	0	0
07-JUL-21	07-07-21	IVHVF	IVHVF	IVHVF	58	0	5988.95	0		103.257759	0	15	0	75	0	9	0	49	0	0	15.5172414	74.3589744	0	2	2	0	0	0	0	0	0	2	0	0	0	0
07-JUL-21	07-07-21	IVRAF	IVRAF	IVRAF	58	0	5988.95	0		103.257759	0	15	0	75	0	9	0	49	0	0	15.5172414	74.3589744	0	2	2	0	0	0	0	0	0	2	0	0	0	0
07-JUL-21	07-07-21	IVSHA	IVSHA	IVSHA	58	0	5988.95	0		103.257759	0	15	0	75	0	9	0	49	0	0	15.5172414	74.3589744	0	2	2	0	0	0	0	0	0	2	0	0	0	0
07-JUL-21	07-07-21	IVSHB	IVSHB	IVSHB	58	0	5988.95	0		103.257759	0	15	0	75	0	9	0	49	0	0	15.5172414	74.3589744	0	2	2	0	0	0	0	0	0	2	0	0	0	0
07-JUL-21	07-07-21	IVSTF	IVSTF	IVSTF	58	0	5988.95	0		103.257759	0	15	0	75	0	9	0	49	0	0	15.5172414	74.3589744	0	2	2	0	0	0	0	0	0	2	0	0	0	0
07-JUL-21	07-07-21	IVTCD	IVTCD	IVTCD	58	0	5988.95	0		103.257759	0	15	0	75	0	9	0	49	0	0	15.5172414	74.3589744	0	2	2	0	0	0	0	0	0	2	0	0	0	0
07-JUL-21	07-07-21	IWAW5	IWAW5	IWAW5	58	0	5988.95	0		103.257759	0	15	0	75	0	9	0	49	0	0	15.5172414	74.3589744	0	2	2	0	0	0	0	0	0	2	0	0	0	0
07-JUL-21	07-07-21	IWH25	IWH25	IWH25	58	0	5988.95	0		103.257759	0	15	0	75	0	9	0	49	0	0	15.5172414	74.3589744	0	2	2	0	0	0	0	0	0	2	0	0	0	0
07-JUL-21	07-07-21	IWP15	IWP15	IWP15	58	0	5988.95	0		103.257759	0	15	0	75	0	9	0	49	0	0	15.5172414	74.3589744	0	2	2	0	0	0	0	0	0	2	0	0	0	0
07-JUL-21	07-07-21	IWU25	IWU25	IWU25	58	0	5988.95	0		103.257759	0	15	0	75	0	9	0	49	0	0	15.5172414	74.3589744	0	2	2	0	0	0	0	0	0	2	0	0	0	0
07-JUL-21	07-07-21	IX7FA	IX7FA	IX7FA	58	0	5988.95	0		103.257759	0	15	0	75	0	9	0	49	0	0	15.5172414	74.3589744	0	2	2	0	0	0	0	0	0	2	0	0	0	0
07-JUL-21	07-07-21	IXJ95	IXJ95	IXJ95	58	0	5988.95	0		103.257759	0	15	0	75	0	9	0	49	0	0	15.5172414	74.3589744	0	2	2	0	0	0	0	0	0	2	0	0	0	0
07-JUL-21	07-07-21	IXNE1	IXNE1	IXNE1	58	0	5988.95	0		103.257759	0	15	0	75	0	9	0	49	0	0	15.5172414	74.3589744	0	2	2	0	0	0	0	0	0	2	0	0	0	0
07-JUL-21	07-07-21	IXPZC	IXPZC	IXPZC	58	0	5988.95	0		103.257759	0	15	0	75	0	9	0	49	0	0	15.5172414	74.3589744	0	2	2	0	0	0	0	0	0	2	0	0	0	0
07-JUL-21	07-07-21	IXQZE	IXQZE	IXQZE	58	0	5988.95	0		103.257759	0	15	0	75	0	9	0	49	0	0	15.5172414	74.3589744	0	2	2	0	0	0	0	0	0	2	0	0	0	0
07-JUL-21	07-07-21	IXY5E	IXY5E	IXY5E	58	0	5988.95	0		103.257759	0	15	0	75	0	9	0	49	0	0	15.5172414	74.3589744	0	2	2	0	0	0	0	0	0	2	0	0	0	0
07-JUL-21	07-07-21	IYOTH	IYOTH	IYOTH	58	0	5988.95	0		103.257759	0	15	0	75	0	9	0	49	0	0	15.5172414	74.3589744	0	2	2	0	0	0	0	0	0	2	0	0	0	0
07-JUL-21	07-07-21	IYOTH14	IYOTH14	IYOTH14	58	0	5988.95	0		103.257759	0	15	0	75	0	9	0	49	0	0	15.5172414	74.3589744	0	2	2	0	0	0	0	0	0	2	0	0	0	0
07-JUL-21	07-07-21	IYOTH30	IYOTH30	IYOTH30	58	0	5988.95	0		103.257759	0	15	0	75	0	9	0	49	0	0	15.5172414	74.3589744	0	2	2	0	0	0	0	0	0	2	0	0	0	0
07-JUL-21	07-07-21	IYS00	IYS00	IYS00	58	0	5988.95	0		103.257759	0	15	0	75	0	9	0	49	0	0	15.5172414	74.3589744	0	2	2	0	0	0	0	0	0	2	0	0	0	0
07-JUL-21	07-07-21	IYS0G	IYS0G	IYS0G	58	0	5988.95	0		103.257759	0	15	0	75	0	9	0	49	0	0	15.5172414	74.3589744	0	2	2	0	0	0	0	0	0	2	0	0	0	0
07-JUL-21	07-07-21	IYS10	IYS10	IYS10	58	0	5988.95	0		103.257759	0	15	0	75	0	9	0	49	0	0	15.5172414	74.3589744	0	2	2	0	0	0	0	0	0	2	0	0	0	0
07-JUL-21	07-07-21	IYS12	IYS12	IYS12	58	0	5988.95	0		103.257759	0	15	0	75	0	9	0	49	0	0	15.5172414	74.3589744	0	2	2	0	0	0	0	0	0	2	0	0	0	0
07-JUL-21	07-07-21	IYS14	IYS14	IYS14	58	0	5988.95	0		103.257759	0	15	0	75	0	9	0	49	0	0	15.5172414	74.3589744	0	2	2	0	0	0	0	0	0	2	0	0	0	0
07-JUL-21	07-07-21	IYS15	IYS15	IYS15	58	0	5988.95	0		103.257759	0	15	0	75	0	9	0	49	0	0	15.5172414	74.3589744	0	2	2	0	0	0	0	0	0	2	0	0	0	0
07-JUL-21	07-07-21	IYSIB	IYSIB	IYSIB	58	0	5988.95	0		103.257759	0	15	0	75	0	9	0	49	0	0	15.5172414	74.3589744	0	2	2	0	0	0	0	0	0	2	0	0	0	0
07-JUL-21	07-07-21	IYSVC	IYSVC	IYSVC	58	0	5988.95	0		103.257759	0	15	0	75	0	9	0	49	0	0	15.5172414	74.3589744	0	2	2	0	0	0	0	0	0	2	0	0	0	0
07-JUL-21	07-07-21	IYSWG	IYSWG	IYSWG	58	0	5988.95	0		103.257759	0	15	0	75	0	9	0	49	0	0	15.5172414	74.3589744	0	2	2	0	0	0	0	0	0	2	0	0	0	0
07-JUL-21	07-07-21	IYSWV	IYSWV	IYSWV	58	0	5988.95	0		103.257759	0	15	0	75	0	9	0	49	0	0	15.5172414	74.3589744	0	2	2	0	0	0	0	0	0	2	0	0	0	0
S_DEF_ROOM_REPORT	S_REV_REPORT	TOT_ARR_REPORT	LOGO	ARR_RMS_REP	GUEST_REP	SINGLE_OCC_REP	DOUBLE_OCC_REP	PER_OCC_REP	REP_ROOMS	REP_DOUBLE_OCC_PER	CS_SUM_OO_REP
58	5988.95	103.257759		15	75	49	9	74.3589744	0	15.5172414	2
