RESERVATION_DATE	CHAR_RESERVATION_DATE	MARKET_CODE_SEQ	MARKET_CODE	MARKET_CODE_DESCRIPTION	S_DEF_ROOMS_DAY	S_DEF_ROOMS_MKT	S_REV_DAY	S_REV_MKT	DAY_ROOMS	TOT_ARR_DAY	TOT_ARR_MKT	ARRIVAL_RMS_DAY	ARR_RMS_MKT	GUEST_DAY	GUEST_MKT	DOUBLE_OCC_DAY	DOUBLE_OCC_MKT	SINGLE_OCC_DAY	SINGLE_OCC_MKT	PER_DOUBLE_MKT	PER_DOUBLE_OCC_DAY	PER_OCC_DAY	PER_OCC_MKT	CS_SUM_OO_MKT	CS_AVG_OO_DAY	NO_DEFINITE_ROOMS	ARRIVAL_RMS	NO_OF_GUESTS	SINGLE_OCCUPANCY	MULTI_OCCUPANCY	TOTAL_REVENUE	OO_ROOMS	PRINT_NO_OF_ROOMS	GET_ARR	PER_OCC	MULTI_OCC_PER
06-JUL-21	07-06-21	AL4FY	AL4FY	AL4FY	68	0	8398.76	0		123.511176	0	28	0	105	0	21	0	47	0	0	30.8823529	87.1794872	0	2	2	0	0	0	0	0	0	2	0	0	0	0
06-JUL-21	07-06-21	ALHSC	ALHSC	ALHSC	68	0	8398.76	0		123.511176	0	28	0	105	0	21	0	47	0	0	30.8823529	87.1794872	0	2	2	0	0	0	0	0	0	2	0	0	0	0
06-JUL-21	07-06-21	ALHY0	ALHY0	ALHY0	68	0	8398.76	0		123.511176	0	28	0	105	0	21	0	47	0	0	30.8823529	87.1794872	0	2	2	0	0	0	0	0	0	2	0	0	0	0
06-JUL-21	07-06-21	ALIQC	ALIQC	ALIQC	68	0	8398.76	0		123.511176	0	28	0	105	0	21	0	47	0	0	30.8823529	87.1794872	0	2	2	0	0	0	0	0	0	2	0	0	0	0
06-JUL-21	07-06-21	ALJ2R	ALJ2R	ALJ2R	68	0	8398.76	0		123.511176	0	28	0	105	0	21	0	47	0	0	30.8823529	87.1794872	0	2	2	0	0	0	0	0	0	2	0	0	0	0
06-JUL-21	07-06-21	ALT29	ALT29	ALT29	68	0	8398.76	0		123.511176	0	28	0	105	0	21	0	47	0	0	30.8823529	87.1794872	0	2	2	0	0	0	0	0	0	2	0	0	0	0
06-JUL-21	07-06-21	AP027	AP027	AP027	68	0	8398.76	0		123.511176	0	28	0	105	0	21	0	47	0	0	30.8823529	87.1794872	0	2	2	0	0	0	0	0	0	2	0	0	0	0
06-JUL-21	07-06-21	AP043	AP043	AP043	68	0	8398.76	0		123.511176	0	28	0	105	0	21	0	47	0	0	30.8823529	87.1794872	0	2	2	0	0	0	0	0	0	2	0	0	0	0
06-JUL-21	07-06-21	AP05L	AP05L	AP05L	68	0	8398.76	0		123.511176	0	28	0	105	0	21	0	47	0	0	30.8823529	87.1794872	0	2	2	0	0	0	0	0	0	2	0	0	0	0
06-JUL-21	07-06-21	APENT	APENT	APENT	68	0	8398.76	0		123.511176	0	28	0	105	0	21	0	47	0	0	30.8823529	87.1794872	0	2	2	0	0	0	0	0	0	2	0	0	0	0
06-JUL-21	07-06-21	APORG	APORG	APORG	68	0	8398.76	0		123.511176	0	28	0	105	0	21	0	47	0	0	30.8823529	87.1794872	0	2	2	0	0	0	0	0	0	2	0	0	0	0
06-JUL-21	07-06-21	APWTT	APWTT	APWTT	68	0	8398.76	0		123.511176	0	28	0	105	0	21	0	47	0	0	30.8823529	87.1794872	0	2	2	0	0	0	0	0	0	2	0	0	0	0
06-JUL-21	07-06-21	HOUSE	HOUSE	HOUSE	68	0	8398.76	0		123.511176	0	28	0	105	0	21	0	47	0	0	30.8823529	87.1794872	0	2	2	0	0	0	0	0	0	2	0	0	0	0
06-JUL-21	07-06-21	IBGP1	IBGP1	IBGP1	68	0	8398.76	0		123.511176	0	28	0	105	0	21	0	47	0	0	30.8823529	87.1794872	0	2	2	0	0	0	0	0	0	2	0	0	0	0
06-JUL-21	07-06-21	IDA00	IDA00	IDA00	68	0	8398.76	0		123.511176	0	28	0	105	0	21	0	47	0	0	30.8823529	87.1794872	0	2	2	0	0	0	0	0	0	2	0	0	0	0
06-JUL-21	07-06-21	IDA0G	IDA0G	IDA0G	68	0	8398.76	0		123.511176	0	28	0	105	0	21	0	47	0	0	30.8823529	87.1794872	0	2	2	0	0	0	0	0	0	2	0	0	0	0
06-JUL-21	07-06-21	IDA10	IDA10	IDA10	68	0	8398.76	0		123.511176	0	28	0	105	0	21	0	47	0	0	30.8823529	87.1794872	0	2	2	0	0	0	0	0	0	2	0	0	0	0
06-JUL-21	07-06-21	IDA12	IDA12	IDA12	68	0	8398.76	0		123.511176	0	28	0	105	0	21	0	47	0	0	30.8823529	87.1794872	0	2	2	0	0	0	0	0	0	2	0	0	0	0
06-JUL-21	07-06-21	IDA15	IDA15	IDA15	68	0	8398.76	0		123.511176	0	28	0	105	0	21	0	47	0	0	30.8823529	87.1794872	0	2	2	0	0	0	0	0	0	2	0	0	0	0
06-JUL-21	07-06-21	IDA20	IDA20	IDA20	68	0	8398.76	0		123.511176	0	28	0	105	0	21	0	47	0	0	30.8823529	87.1794872	0	2	2	0	0	0	0	0	0	2	0	0	0	0
06-JUL-21	07-06-21	IDA25	IDA25	IDA25	68	0	8398.76	0		123.511176	0	28	0	105	0	21	0	47	0	0	30.8823529	87.1794872	0	2	2	0	0	0	0	0	0	2	0	0	0	0
06-JUL-21	07-06-21	IDAAA	IDAAA	IDAAA	68	0	8398.76	0		123.511176	0	28	0	105	0	21	0	47	0	0	30.8823529	87.1794872	0	2	2	0	0	0	0	0	0	2	0	0	0	0
06-JUL-21	07-06-21	IDACC	IDACC	IDACC	68	0	8398.76	0		123.511176	0	28	0	105	0	21	0	47	0	0	30.8823529	87.1794872	0	2	2	0	0	0	0	0	0	2	0	0	0	0
06-JUL-21	07-06-21	IDACP	IDACP	IDACP	68	0	8398.76	0		123.511176	0	28	0	105	0	21	0	47	0	0	30.8823529	87.1794872	0	2	2	0	0	0	0	0	0	2	0	0	0	0
06-JUL-21	07-06-21	IDAFS	IDAFS	IDAFS	68	0	8398.76	0		123.511176	0	28	0	105	0	21	0	47	0	0	30.8823529	87.1794872	0	2	2	0	0	0	0	0	0	2	0	0	0	0
06-JUL-21	07-06-21	IDAGP	IDAGP	IDAGP	68	0	8398.76	0		123.511176	0	28	0	105	0	21	0	47	0	0	30.8823529	87.1794872	0	2	2	0	0	0	0	0	0	2	0	0	0	0
06-JUL-21	07-06-21	IDAIB	IDAIB	IDAIB	68	0	8398.76	0		123.511176	0	28	0	105	0	21	0	47	0	0	30.8823529	87.1794872	0	2	2	0	0	0	0	0	0	2	0	0	0	0
06-JUL-21	07-06-21	IDAMR	IDAMR	IDAMR	68	0	8398.76	0		123.511176	0	28	0	105	0	21	0	47	0	0	30.8823529	87.1794872	0	2	2	0	0	0	0	0	0	2	0	0	0	0
06-JUL-21	07-06-21	IDANP	IDANP	IDANP	68	0	8398.76	0		123.511176	0	28	0	105	0	21	0	47	0	0	30.8823529	87.1794872	0	2	2	0	0	0	0	0	0	2	0	0	0	0
06-JUL-21	07-06-21	IDARP	IDARP	IDARP	68	0	8398.76	0		123.511176	0	28	0	105	0	21	0	47	0	0	30.8823529	87.1794872	0	2	2	0	0	0	0	0	0	2	0	0	0	0
06-JUL-21	07-06-21	IDAS1	IDAS1	IDAS1	68	0	8398.76	0		123.511176	0	28	0	105	0	21	0	47	0	0	30.8823529	87.1794872	0	2	2	0	0	0	0	0	0	2	0	0	0	0
06-JUL-21	07-06-21	IDAVC	IDAVC	IDAVC	68	0	8398.76	0		123.511176	0	28	0	105	0	21	0	47	0	0	30.8823529	87.1794872	0	2	2	0	0	0	0	0	0	2	0	0	0	0
06-JUL-21	07-06-21	IDAWG	IDAWG	IDAWG	68	0	8398.76	0		123.511176	0	28	0	105	0	21	0	47	0	0	30.8823529	87.1794872	0	2	2	0	0	0	0	0	0	2	0	0	0	0
06-JUL-21	07-06-21	IDAWV	IDAWV	IDAWV	68	0	8398.76	0		123.511176	0	28	0	105	0	21	0	47	0	0	30.8823529	87.1794872	0	2	2	0	0	0	0	0	0	2	0	0	0	0
06-JUL-21	07-06-21	IDAX4	IDAX4	IDAX4	68	0	8398.76	0		123.511176	0	28	0	105	0	21	0	47	0	0	30.8823529	87.1794872	0	2	2	0	0	0	0	0	0	2	0	0	0	0
06-JUL-21	07-06-21	IDBRV	IDBRV	IDBRV	68	0	8398.76	0		123.511176	0	28	0	105	0	21	0	47	0	0	30.8823529	87.1794872	0	2	2	0	0	0	0	0	0	2	0	0	0	0
06-JUL-21	07-06-21	IDCE1	IDCE1	IDCE1	68	0	8398.76	0		123.511176	0	28	0	105	0	21	0	47	0	0	30.8823529	87.1794872	0	2	2	0	0	0	0	0	0	2	0	0	0	0
06-JUL-21	07-06-21	IDCEO	IDCEO	IDCEO	68	0	8398.76	0		123.511176	0	28	0	105	0	21	0	47	0	0	30.8823529	87.1794872	0	2	2	0	0	0	0	0	0	2	0	0	0	0
06-JUL-21	07-06-21	IDH00	IDH00	IDH00	68	0	8398.76	0		123.511176	0	28	0	105	0	21	0	47	0	0	30.8823529	87.1794872	0	2	2	0	0	0	0	0	0	2	0	0	0	0
06-JUL-21	07-06-21	IDH0G	IDH0G	IDH0G	68	0	8398.76	0		123.511176	0	28	0	105	0	21	0	47	0	0	30.8823529	87.1794872	0	2	2	0	0	0	0	0	0	2	0	0	0	0
06-JUL-21	07-06-21	IDH10	IDH10	IDH10	68	0	8398.76	0		123.511176	0	28	0	105	0	21	0	47	0	0	30.8823529	87.1794872	0	2	2	0	0	0	0	0	0	2	0	0	0	0
06-JUL-21	07-06-21	IDH12	IDH12	IDH12	68	0	8398.76	0		123.511176	0	28	0	105	0	21	0	47	0	0	30.8823529	87.1794872	0	2	2	0	0	0	0	0	0	2	0	0	0	0
06-JUL-21	07-06-21	IDH14	IDH14	IDH14	68	0	8398.76	0		123.511176	0	28	0	105	0	21	0	47	0	0	30.8823529	87.1794872	0	2	2	0	0	0	0	0	0	2	0	0	0	0
06-JUL-21	07-06-21	IDH15	IDH15	IDH15	68	0	8398.76	0		123.511176	0	28	0	105	0	21	0	47	0	0	30.8823529	87.1794872	0	2	2	0	0	0	0	0	0	2	0	0	0	0
06-JUL-21	07-06-21	IDH20	IDH20	IDH20	68	0	8398.76	0		123.511176	0	28	0	105	0	21	0	47	0	0	30.8823529	87.1794872	0	2	2	0	0	0	0	0	0	2	0	0	0	0
06-JUL-21	07-06-21	IDH25	IDH25	IDH25	68	1	8398.76	139.39		123.511176	139.39	28	0	105	2	21	1	47	0	100	30.8823529	87.1794872	1.28205128	2	2	1	0	2	0	1	139.39	2	1	139.39	1.28205128	100
06-JUL-21	07-06-21	IDHCC	IDHCC	IDHCC	68	0	8398.76	0		123.511176	0	28	0	105	0	21	0	47	0	0	30.8823529	87.1794872	0	2	2	0	0	0	0	0	0	2	0	0	0	0
06-JUL-21	07-06-21	IDHCP	IDHCP	IDHCP	68	0	8398.76	0		123.511176	0	28	0	105	0	21	0	47	0	0	30.8823529	87.1794872	0	2	2	0	0	0	0	0	0	2	0	0	0	0
06-JUL-21	07-06-21	IDHGP	IDHGP	IDHGP	68	0	8398.76	0		123.511176	0	28	0	105	0	21	0	47	0	0	30.8823529	87.1794872	0	2	2	0	0	0	0	0	0	2	0	0	0	0
06-JUL-21	07-06-21	IDHIB	IDHIB	IDHIB	68	0	8398.76	0		123.511176	0	28	0	105	0	21	0	47	0	0	30.8823529	87.1794872	0	2	2	0	0	0	0	0	0	2	0	0	0	0
06-JUL-21	07-06-21	IDHNP	IDHNP	IDHNP	68	0	8398.76	0		123.511176	0	28	0	105	0	21	0	47	0	0	30.8823529	87.1794872	0	2	2	0	0	0	0	0	0	2	0	0	0	0
06-JUL-21	07-06-21	IDHVC	IDHVC	IDHVC	68	0	8398.76	0		123.511176	0	28	0	105	0	21	0	47	0	0	30.8823529	87.1794872	0	2	2	0	0	0	0	0	0	2	0	0	0	0
06-JUL-21	07-06-21	IDHWG	IDHWG	IDHWG	68	0	8398.76	0		123.511176	0	28	0	105	0	21	0	47	0	0	30.8823529	87.1794872	0	2	2	0	0	0	0	0	0	2	0	0	0	0
06-JUL-21	07-06-21	IDHWV	IDHWV	IDHWV	68	1	8398.76	180.54		123.511176	180.54	28	1	105	4	21	1	47	0	100	30.8823529	87.1794872	1.28205128	2	2	1	1	4	0	1	180.54	2	1	180.54	1.28205128	100
06-JUL-21	07-06-21	IDIN2	IDIN2	IDIN2	68	0	8398.76	0		123.511176	0	28	0	105	0	21	0	47	0	0	30.8823529	87.1794872	0	2	2	0	0	0	0	0	0	2	0	0	0	0
06-JUL-21	07-06-21	IDINR	IDINR	IDINR	68	0	8398.76	0		123.511176	0	28	0	105	0	21	0	47	0	0	30.8823529	87.1794872	0	2	2	0	0	0	0	0	0	2	0	0	0	0
06-JUL-21	07-06-21	IDL00	IDL00	IDL00	68	0	8398.76	0		123.511176	0	28	0	105	0	21	0	47	0	0	30.8823529	87.1794872	0	2	2	0	0	0	0	0	0	2	0	0	0	0
06-JUL-21	07-06-21	IDL0G	IDL0G	IDL0G	68	0	8398.76	0		123.511176	0	28	0	105	0	21	0	47	0	0	30.8823529	87.1794872	0	2	2	0	0	0	0	0	0	2	0	0	0	0
06-JUL-21	07-06-21	IDL10	IDL10	IDL10	68	0	8398.76	0		123.511176	0	28	0	105	0	21	0	47	0	0	30.8823529	87.1794872	0	2	2	0	0	0	0	0	0	2	0	0	0	0
06-JUL-21	07-06-21	IDL12	IDL12	IDL12	68	0	8398.76	0		123.511176	0	28	0	105	0	21	0	47	0	0	30.8823529	87.1794872	0	2	2	0	0	0	0	0	0	2	0	0	0	0
06-JUL-21	07-06-21	IDL14	IDL14	IDL14	68	0	8398.76	0		123.511176	0	28	0	105	0	21	0	47	0	0	30.8823529	87.1794872	0	2	2	0	0	0	0	0	0	2	0	0	0	0
06-JUL-21	07-06-21	IDL15	IDL15	IDL15	68	0	8398.76	0		123.511176	0	28	0	105	0	21	0	47	0	0	30.8823529	87.1794872	0	2	2	0	0	0	0	0	0	2	0	0	0	0
06-JUL-21	07-06-21	IDLCC	IDLCC	IDLCC	68	0	8398.76	0		123.511176	0	28	0	105	0	21	0	47	0	0	30.8823529	87.1794872	0	2	2	0	0	0	0	0	0	2	0	0	0	0
06-JUL-21	07-06-21	IDLVC	IDLVC	IDLVC	68	0	8398.76	0		123.511176	0	28	0	105	0	21	0	47	0	0	30.8823529	87.1794872	0	2	2	0	0	0	0	0	0	2	0	0	0	0
06-JUL-21	07-06-21	IDLWG	IDLWG	IDLWG	68	0	8398.76	0		123.511176	0	28	0	105	0	21	0	47	0	0	30.8823529	87.1794872	0	2	2	0	0	0	0	0	0	2	0	0	0	0
06-JUL-21	07-06-21	IDLWV	IDLWV	IDLWV	68	0	8398.76	0		123.511176	0	28	0	105	0	21	0	47	0	0	30.8823529	87.1794872	0	2	2	0	0	0	0	0	0	2	0	0	0	0
06-JUL-21	07-06-21	IDMCP	IDMCP	IDMCP	68	0	8398.76	0		123.511176	0	28	0	105	0	21	0	47	0	0	30.8823529	87.1794872	0	2	2	0	0	0	0	0	0	2	0	0	0	0
06-JUL-21	07-06-21	IDME0	IDME0	IDME0	68	9	8398.76	1599.8		123.511176	177.755556	28	8	105	18	21	4	47	5	44.4444444	30.8823529	87.1794872	11.5384615	2	2	9	8	18	5	4	1599.8	2	9	177.7555555555555555555555555555555556	11.5384615	44.4444444
06-JUL-21	07-06-21	IDME2	IDME2	IDME2	68	4	8398.76	700.25		123.511176	175.0625	28	2	105	10	21	3	47	1	75	30.8823529	87.1794872	5.12820513	2	2	4	2	10	1	3	700.25	2	4	175.0625	5.12820513	75
06-JUL-21	07-06-21	IDMEF	IDMEF	IDMEF	68	1	8398.76	123.73		123.511176	123.73	28	1	105	4	21	1	47	0	100	30.8823529	87.1794872	1.28205128	2	2	1	1	4	0	1	123.73	2	1	123.73	1.28205128	100
06-JUL-21	07-06-21	IDMES	IDMES	IDMES	68	1	8398.76	195.76		123.511176	195.76	28	0	105	2	21	1	47	0	100	30.8823529	87.1794872	1.28205128	2	2	1	0	2	0	1	195.76	2	1	195.76	1.28205128	100
06-JUL-21	07-06-21	IDOTH	IDOTH	IDOTH	68	0	8398.76	0		123.511176	0	28	0	105	0	21	0	47	0	0	30.8823529	87.1794872	0	2	2	0	0	0	0	0	0	2	0	0	0	0
06-JUL-21	07-06-21	IDOTHMGR	IDOTHMGR	IDOTHMGR	68	4	8398.76	384		123.511176	96	28	0	105	4	21	0	47	4	0	30.8823529	87.1794872	5.12820513	2	2	4	0	4	4	0	384	2	4	96	5.12820513	0
06-JUL-21	07-06-21	IDOTHWAL	IDOTHWAL	IDOTHWAL	68	0	8398.76	0		123.511176	0	28	0	105	0	21	0	47	0	0	30.8823529	87.1794872	0	2	2	0	0	0	0	0	0	2	0	0	0	0
06-JUL-21	07-06-21	IDP0A	IDP0A	IDP0A	68	0	8398.76	0		123.511176	0	28	0	105	0	21	0	47	0	0	30.8823529	87.1794872	0	2	2	0	0	0	0	0	0	2	0	0	0	0
06-JUL-21	07-06-21	IDP0B	IDP0B	IDP0B	68	0	8398.76	0		123.511176	0	28	0	105	0	21	0	47	0	0	30.8823529	87.1794872	0	2	2	0	0	0	0	0	0	2	0	0	0	0
06-JUL-21	07-06-21	IDP0C	IDP0C	IDP0C	68	0	8398.76	0		123.511176	0	28	0	105	0	21	0	47	0	0	30.8823529	87.1794872	0	2	2	0	0	0	0	0	0	2	0	0	0	0
06-JUL-21	07-06-21	IDP0D	IDP0D	IDP0D	68	0	8398.76	0		123.511176	0	28	0	105	0	21	0	47	0	0	30.8823529	87.1794872	0	2	2	0	0	0	0	0	0	2	0	0	0	0
06-JUL-21	07-06-21	IDP10	IDP10	IDP10	68	0	8398.76	0		123.511176	0	28	0	105	0	21	0	47	0	0	30.8823529	87.1794872	0	2	2	0	0	0	0	0	0	2	0	0	0	0
06-JUL-21	07-06-21	IDPA2	IDPA2	IDPA2	68	0	8398.76	0		123.511176	0	28	0	105	0	21	0	47	0	0	30.8823529	87.1794872	0	2	2	0	0	0	0	0	0	2	0	0	0	0
06-JUL-21	07-06-21	IDPAI	IDPAI	IDPAI	68	0	8398.76	0		123.511176	0	28	0	105	0	21	0	47	0	0	30.8823529	87.1794872	0	2	2	0	0	0	0	0	0	2	0	0	0	0
06-JUL-21	07-06-21	IDPB2	IDPB2	IDPB2	68	0	8398.76	0		123.511176	0	28	0	105	0	21	0	47	0	0	30.8823529	87.1794872	0	2	2	0	0	0	0	0	0	2	0	0	0	0
06-JUL-21	07-06-21	IDPBI	IDPBI	IDPBI	68	0	8398.76	0		123.511176	0	28	0	105	0	21	0	47	0	0	30.8823529	87.1794872	0	2	2	0	0	0	0	0	0	2	0	0	0	0
06-JUL-21	07-06-21	IDSLS	IDSLS	IDSLS	68	1	8398.76	179.35		123.511176	179.35	28	0	105	3	21	1	47	0	100	30.8823529	87.1794872	1.28205128	2	2	1	0	3	0	1	179.35	2	1	179.35	1.28205128	100
06-JUL-21	07-06-21	IDU00	IDU00	IDU00	68	0	8398.76	0		123.511176	0	28	0	105	0	21	0	47	0	0	30.8823529	87.1794872	0	2	2	0	0	0	0	0	0	2	0	0	0	0
06-JUL-21	07-06-21	IDU0G	IDU0G	IDU0G	68	1	8398.76	199		123.511176	199	28	1	105	2	21	1	47	0	100	30.8823529	87.1794872	1.28205128	2	2	1	1	2	0	1	199	2	1	199	1.28205128	100
06-JUL-21	07-06-21	IDU10	IDU10	IDU10	68	0	8398.76	0		123.511176	0	28	0	105	0	21	0	47	0	0	30.8823529	87.1794872	0	2	2	0	0	0	0	0	0	2	0	0	0	0
06-JUL-21	07-06-21	IDU12	IDU12	IDU12	68	0	8398.76	0		123.511176	0	28	0	105	0	21	0	47	0	0	30.8823529	87.1794872	0	2	2	0	0	0	0	0	0	2	0	0	0	0
06-JUL-21	07-06-21	IDU14	IDU14	IDU14	68	0	8398.76	0		123.511176	0	28	0	105	0	21	0	47	0	0	30.8823529	87.1794872	0	2	2	0	0	0	0	0	0	2	0	0	0	0
06-JUL-21	07-06-21	IDU15	IDU15	IDU15	68	0	8398.76	0		123.511176	0	28	0	105	0	21	0	47	0	0	30.8823529	87.1794872	0	2	2	0	0	0	0	0	0	2	0	0	0	0
06-JUL-21	07-06-21	IDU20	IDU20	IDU20	68	0	8398.76	0		123.511176	0	28	0	105	0	21	0	47	0	0	30.8823529	87.1794872	0	2	2	0	0	0	0	0	0	2	0	0	0	0
06-JUL-21	07-06-21	IDU25	IDU25	IDU25	68	0	8398.76	0		123.511176	0	28	0	105	0	21	0	47	0	0	30.8823529	87.1794872	0	2	2	0	0	0	0	0	0	2	0	0	0	0
06-JUL-21	07-06-21	IDUCC	IDUCC	IDUCC	68	0	8398.76	0		123.511176	0	28	0	105	0	21	0	47	0	0	30.8823529	87.1794872	0	2	2	0	0	0	0	0	0	2	0	0	0	0
06-JUL-21	07-06-21	IDUCP	IDUCP	IDUCP	68	0	8398.76	0		123.511176	0	28	0	105	0	21	0	47	0	0	30.8823529	87.1794872	0	2	2	0	0	0	0	0	0	2	0	0	0	0
06-JUL-21	07-06-21	IDUGP	IDUGP	IDUGP	68	0	8398.76	0		123.511176	0	28	0	105	0	21	0	47	0	0	30.8823529	87.1794872	0	2	2	0	0	0	0	0	0	2	0	0	0	0
06-JUL-21	07-06-21	IDUIB	IDUIB	IDUIB	68	0	8398.76	0		123.511176	0	28	0	105	0	21	0	47	0	0	30.8823529	87.1794872	0	2	2	0	0	0	0	0	0	2	0	0	0	0
06-JUL-21	07-06-21	IDUNP	IDUNP	IDUNP	68	0	8398.76	0		123.511176	0	28	0	105	0	21	0	47	0	0	30.8823529	87.1794872	0	2	2	0	0	0	0	0	0	2	0	0	0	0
06-JUL-21	07-06-21	IDUVC	IDUVC	IDUVC	68	0	8398.76	0		123.511176	0	28	0	105	0	21	0	47	0	0	30.8823529	87.1794872	0	2	2	0	0	0	0	0	0	2	0	0	0	0
06-JUL-21	07-06-21	IDUWG	IDUWG	IDUWG	68	0	8398.76	0		123.511176	0	28	0	105	0	21	0	47	0	0	30.8823529	87.1794872	0	2	2	0	0	0	0	0	0	2	0	0	0	0
06-JUL-21	07-06-21	IDUWV	IDUWV	IDUWV	68	1	8398.76	177.65		123.511176	177.65	28	0	105	2	21	1	47	0	100	30.8823529	87.1794872	1.28205128	2	2	1	0	2	0	1	177.65	2	1	177.65	1.28205128	100
06-JUL-21	07-06-21	IE2IV	IE2IV	IE2IV	68	0	8398.76	0		123.511176	0	28	0	105	0	21	0	47	0	0	30.8823529	87.1794872	0	2	2	0	0	0	0	0	0	2	0	0	0	0
06-JUL-21	07-06-21	IE7HP	IE7HP	IE7HP	68	0	8398.76	0		123.511176	0	28	0	105	0	21	0	47	0	0	30.8823529	87.1794872	0	2	2	0	0	0	0	0	0	2	0	0	0	0
06-JUL-21	07-06-21	IEARX	IEARX	IEARX	68	0	8398.76	0		123.511176	0	28	0	105	0	21	0	47	0	0	30.8823529	87.1794872	0	2	2	0	0	0	0	0	0	2	0	0	0	0
06-JUL-21	07-06-21	IEOU7	IEOU7	IEOU7	68	0	8398.76	0		123.511176	0	28	0	105	0	21	0	47	0	0	30.8823529	87.1794872	0	2	2	0	0	0	0	0	0	2	0	0	0	0
06-JUL-21	07-06-21	IGCOR	IGCOR	IGCOR	68	5	8398.76	900		123.511176	180	28	5	105	11	21	4	47	1	80	30.8823529	87.1794872	6.41025641	2	2	5	5	11	1	4	900	2	5	180	6.41025641	80
06-JUL-21	07-06-21	IGN1R	IGN1R	IGN1R	68	0	8398.76	0		123.511176	0	28	0	105	0	21	0	47	0	0	30.8823529	87.1794872	0	2	2	0	0	0	0	0	0	2	0	0	0	0
06-JUL-21	07-06-21	IGN2R	IGN2R	IGN2R	68	0	8398.76	0		123.511176	0	28	0	105	0	21	0	47	0	0	30.8823529	87.1794872	0	2	2	0	0	0	0	0	0	2	0	0	0	0
06-JUL-21	07-06-21	IGN3R	IGN3R	IGN3R	68	0	8398.76	0		123.511176	0	28	0	105	0	21	0	47	0	0	30.8823529	87.1794872	0	2	2	0	0	0	0	0	0	2	0	0	0	0
06-JUL-21	07-06-21	IGN4R	IGN4R	IGN4R	68	0	8398.76	0		123.511176	0	28	0	105	0	21	0	47	0	0	30.8823529	87.1794872	0	2	2	0	0	0	0	0	0	2	0	0	0	0
06-JUL-21	07-06-21	IGN5R	IGN5R	IGN5R	68	0	8398.76	0		123.511176	0	28	0	105	0	21	0	47	0	0	30.8823529	87.1794872	0	2	2	0	0	0	0	0	0	2	0	0	0	0
06-JUL-21	07-06-21	IGN6R	IGN6R	IGN6R	68	0	8398.76	0		123.511176	0	28	0	105	0	21	0	47	0	0	30.8823529	87.1794872	0	2	2	0	0	0	0	0	0	2	0	0	0	0
06-JUL-21	07-06-21	IGN8K	IGN8K	IGN8K	68	0	8398.76	0		123.511176	0	28	0	105	0	21	0	47	0	0	30.8823529	87.1794872	0	2	2	0	0	0	0	0	0	2	0	0	0	0
06-JUL-21	07-06-21	IGNP1	IGNP1	IGNP1	68	0	8398.76	0		123.511176	0	28	0	105	0	21	0	47	0	0	30.8823529	87.1794872	0	2	2	0	0	0	0	0	0	2	0	0	0	0
06-JUL-21	07-06-21	IGNSC	IGNSC	IGNSC	68	0	8398.76	0		123.511176	0	28	0	105	0	21	0	47	0	0	30.8823529	87.1794872	0	2	2	0	0	0	0	0	0	2	0	0	0	0
06-JUL-21	07-06-21	IGNSD	IGNSD	IGNSD	68	0	8398.76	0		123.511176	0	28	0	105	0	21	0	47	0	0	30.8823529	87.1794872	0	2	2	0	0	0	0	0	0	2	0	0	0	0
06-JUL-21	07-06-21	IGNSE	IGNSE	IGNSE	68	0	8398.76	0		123.511176	0	28	0	105	0	21	0	47	0	0	30.8823529	87.1794872	0	2	2	0	0	0	0	0	0	2	0	0	0	0
06-JUL-21	07-06-21	IGNSF	IGNSF	IGNSF	68	0	8398.76	0		123.511176	0	28	0	105	0	21	0	47	0	0	30.8823529	87.1794872	0	2	2	0	0	0	0	0	0	2	0	0	0	0
06-JUL-21	07-06-21	IGNSL	IGNSL	IGNSL	68	0	8398.76	0		123.511176	0	28	0	105	0	21	0	47	0	0	30.8823529	87.1794872	0	2	2	0	0	0	0	0	0	2	0	0	0	0
06-JUL-21	07-06-21	IGTMC	IGTMC	IGTMC	68	0	8398.76	0		123.511176	0	28	0	105	0	21	0	47	0	0	30.8823529	87.1794872	0	2	2	0	0	0	0	0	0	2	0	0	0	0
06-JUL-21	07-06-21	IK2KP	IK2KP	IK2KP	68	0	8398.76	0		123.511176	0	28	0	105	0	21	0	47	0	0	30.8823529	87.1794872	0	2	2	0	0	0	0	0	0	2	0	0	0	0
06-JUL-21	07-06-21	IK3KP	IK3KP	IK3KP	68	0	8398.76	0		123.511176	0	28	0	105	0	21	0	47	0	0	30.8823529	87.1794872	0	2	2	0	0	0	0	0	0	2	0	0	0	0
06-JUL-21	07-06-21	IK5KP	IK5KP	IK5KP	68	0	8398.76	0		123.511176	0	28	0	105	0	21	0	47	0	0	30.8823529	87.1794872	0	2	2	0	0	0	0	0	0	2	0	0	0	0
06-JUL-21	07-06-21	IKBPA	IKBPA	IKBPA	68	0	8398.76	0		123.511176	0	28	0	105	0	21	0	47	0	0	30.8823529	87.1794872	0	2	2	0	0	0	0	0	0	2	0	0	0	0
06-JUL-21	07-06-21	IKBPC	IKBPC	IKBPC	68	0	8398.76	0		123.511176	0	28	0	105	0	21	0	47	0	0	30.8823529	87.1794872	0	2	2	0	0	0	0	0	0	2	0	0	0	0
06-JUL-21	07-06-21	IKBPD	IKBPD	IKBPD	68	0	8398.76	0		123.511176	0	28	0	105	0	21	0	47	0	0	30.8823529	87.1794872	0	2	2	0	0	0	0	0	0	2	0	0	0	0
06-JUL-21	07-06-21	IKBPE	IKBPE	IKBPE	68	0	8398.76	0		123.511176	0	28	0	105	0	21	0	47	0	0	30.8823529	87.1794872	0	2	2	0	0	0	0	0	0	2	0	0	0	0
06-JUL-21	07-06-21	IKBPF	IKBPF	IKBPF	68	0	8398.76	0		123.511176	0	28	0	105	0	21	0	47	0	0	30.8823529	87.1794872	0	2	2	0	0	0	0	0	0	2	0	0	0	0
06-JUL-21	07-06-21	IKBPG	IKBPG	IKBPG	68	0	8398.76	0		123.511176	0	28	0	105	0	21	0	47	0	0	30.8823529	87.1794872	0	2	2	0	0	0	0	0	0	2	0	0	0	0
06-JUL-21	07-06-21	IKBPH	IKBPH	IKBPH	68	0	8398.76	0		123.511176	0	28	0	105	0	21	0	47	0	0	30.8823529	87.1794872	0	2	2	0	0	0	0	0	0	2	0	0	0	0
06-JUL-21	07-06-21	IKBPM	IKBPM	IKBPM	68	0	8398.76	0		123.511176	0	28	0	105	0	21	0	47	0	0	30.8823529	87.1794872	0	2	2	0	0	0	0	0	0	2	0	0	0	0
06-JUL-21	07-06-21	IKBPS	IKBPS	IKBPS	68	0	8398.76	0		123.511176	0	28	0	105	0	21	0	47	0	0	30.8823529	87.1794872	0	2	2	0	0	0	0	0	0	2	0	0	0	0
06-JUL-21	07-06-21	IKHB2	IKHB2	IKHB2	68	0	8398.76	0		123.511176	0	28	0	105	0	21	0	47	0	0	30.8823529	87.1794872	0	2	2	0	0	0	0	0	0	2	0	0	0	0
06-JUL-21	07-06-21	IKMA1	IKMA1	IKMA1	68	0	8398.76	0		123.511176	0	28	0	105	0	21	0	47	0	0	30.8823529	87.1794872	0	2	2	0	0	0	0	0	0	2	0	0	0	0
06-JUL-21	07-06-21	IKME3	IKME3	IKME3	68	0	8398.76	0		123.511176	0	28	0	105	0	21	0	47	0	0	30.8823529	87.1794872	0	2	2	0	0	0	0	0	0	2	0	0	0	0
06-JUL-21	07-06-21	IKME6	IKME6	IKME6	68	0	8398.76	0		123.511176	0	28	0	105	0	21	0	47	0	0	30.8823529	87.1794872	0	2	2	0	0	0	0	0	0	2	0	0	0	0
06-JUL-21	07-06-21	IKME8	IKME8	IKME8	68	0	8398.76	0		123.511176	0	28	0	105	0	21	0	47	0	0	30.8823529	87.1794872	0	2	2	0	0	0	0	0	0	2	0	0	0	0
06-JUL-21	07-06-21	IKPCM	IKPCM	IKPCM	68	0	8398.76	0		123.511176	0	28	0	105	0	21	0	47	0	0	30.8823529	87.1794872	0	2	2	0	0	0	0	0	0	2	0	0	0	0
06-JUL-21	07-06-21	IKPT5	IKPT5	IKPT5	68	0	8398.76	0		123.511176	0	28	0	105	0	21	0	47	0	0	30.8823529	87.1794872	0	2	2	0	0	0	0	0	0	2	0	0	0	0
06-JUL-21	07-06-21	IL0NI	IL0NI	IL0NI	68	0	8398.76	0		123.511176	0	28	0	105	0	21	0	47	0	0	30.8823529	87.1794872	0	2	2	0	0	0	0	0	0	2	0	0	0	0
06-JUL-21	07-06-21	IL0XK	IL0XK	IL0XK	68	0	8398.76	0		123.511176	0	28	0	105	0	21	0	47	0	0	30.8823529	87.1794872	0	2	2	0	0	0	0	0	0	2	0	0	0	0
06-JUL-21	07-06-21	IL12K	IL12K	IL12K	68	0	8398.76	0		123.511176	0	28	0	105	0	21	0	47	0	0	30.8823529	87.1794872	0	2	2	0	0	0	0	0	0	2	0	0	0	0
06-JUL-21	07-06-21	IL2HC	IL2HC	IL2HC	68	0	8398.76	0		123.511176	0	28	0	105	0	21	0	47	0	0	30.8823529	87.1794872	0	2	2	0	0	0	0	0	0	2	0	0	0	0
06-JUL-21	07-06-21	IL34K	IL34K	IL34K	68	0	8398.76	0		123.511176	0	28	0	105	0	21	0	47	0	0	30.8823529	87.1794872	0	2	2	0	0	0	0	0	0	2	0	0	0	0
06-JUL-21	07-06-21	IL3VA	IL3VA	IL3VA	68	0	8398.76	0		123.511176	0	28	0	105	0	21	0	47	0	0	30.8823529	87.1794872	0	2	2	0	0	0	0	0	0	2	0	0	0	0
06-JUL-21	07-06-21	IL404	IL404	IL404	68	0	8398.76	0		123.511176	0	28	0	105	0	21	0	47	0	0	30.8823529	87.1794872	0	2	2	0	0	0	0	0	0	2	0	0	0	0
06-JUL-21	07-06-21	IL48T	IL48T	IL48T	68	0	8398.76	0		123.511176	0	28	0	105	0	21	0	47	0	0	30.8823529	87.1794872	0	2	2	0	0	0	0	0	0	2	0	0	0	0
06-JUL-21	07-06-21	IL4DU	IL4DU	IL4DU	68	0	8398.76	0		123.511176	0	28	0	105	0	21	0	47	0	0	30.8823529	87.1794872	0	2	2	0	0	0	0	0	0	2	0	0	0	0
06-JUL-21	07-06-21	IL4XD	IL4XD	IL4XD	68	0	8398.76	0		123.511176	0	28	0	105	0	21	0	47	0	0	30.8823529	87.1794872	0	2	2	0	0	0	0	0	0	2	0	0	0	0
06-JUL-21	07-06-21	IL5FP	IL5FP	IL5FP	68	2	8398.76	172		123.511176	86	28	1	105	2	21	0	47	2	0	30.8823529	87.1794872	2.56410256	2	2	2	1	2	2	0	172	2	2	86	2.56410256	0
06-JUL-21	07-06-21	IL642	IL642	IL642	68	0	8398.76	0		123.511176	0	28	0	105	0	21	0	47	0	0	30.8823529	87.1794872	0	2	2	0	0	0	0	0	0	2	0	0	0	0
06-JUL-21	07-06-21	IL7CZ	IL7CZ	IL7CZ	68	0	8398.76	0		123.511176	0	28	0	105	0	21	0	47	0	0	30.8823529	87.1794872	0	2	2	0	0	0	0	0	0	2	0	0	0	0
06-JUL-21	07-06-21	IL7F4	IL7F4	IL7F4	68	0	8398.76	0		123.511176	0	28	0	105	0	21	0	47	0	0	30.8823529	87.1794872	0	2	2	0	0	0	0	0	0	2	0	0	0	0
06-JUL-21	07-06-21	IL7F5	IL7F5	IL7F5	68	0	8398.76	0		123.511176	0	28	0	105	0	21	0	47	0	0	30.8823529	87.1794872	0	2	2	0	0	0	0	0	0	2	0	0	0	0
06-JUL-21	07-06-21	IL7X4	IL7X4	IL7X4	68	12	8398.76	1032		123.511176	86	28	3	105	12	21	0	47	12	0	30.8823529	87.1794872	15.3846154	2	2	12	3	12	12	0	1032	2	12	86	15.3846154	0
06-JUL-21	07-06-21	IL7YF	IL7YF	IL7YF	68	0	8398.76	0		123.511176	0	28	0	105	0	21	0	47	0	0	30.8823529	87.1794872	0	2	2	0	0	0	0	0	0	2	0	0	0	0
06-JUL-21	07-06-21	IL8QU	IL8QU	IL8QU	68	0	8398.76	0		123.511176	0	28	0	105	0	21	0	47	0	0	30.8823529	87.1794872	0	2	2	0	0	0	0	0	0	2	0	0	0	0
06-JUL-21	07-06-21	IL8UF	IL8UF	IL8UF	68	1	8398.76	104.99		123.511176	104.99	28	1	105	1	21	0	47	1	0	30.8823529	87.1794872	1.28205128	2	2	1	1	1	1	0	104.99	2	1	104.99	1.28205128	0
06-JUL-21	07-06-21	IL8VA	IL8VA	IL8VA	68	0	8398.76	0		123.511176	0	28	0	105	0	21	0	47	0	0	30.8823529	87.1794872	0	2	2	0	0	0	0	0	0	2	0	0	0	0
06-JUL-21	07-06-21	IL8VE	IL8VE	IL8VE	68	0	8398.76	0		123.511176	0	28	0	105	0	21	0	47	0	0	30.8823529	87.1794872	0	2	2	0	0	0	0	0	0	2	0	0	0	0
06-JUL-21	07-06-21	ILATP	ILATP	ILATP	68	0	8398.76	0		123.511176	0	28	0	105	0	21	0	47	0	0	30.8823529	87.1794872	0	2	2	0	0	0	0	0	0	2	0	0	0	0
06-JUL-21	07-06-21	ILB84	ILB84	ILB84	68	0	8398.76	0		123.511176	0	28	0	105	0	21	0	47	0	0	30.8823529	87.1794872	0	2	2	0	0	0	0	0	0	2	0	0	0	0
06-JUL-21	07-06-21	ILBB8	ILBB8	ILBB8	68	0	8398.76	0		123.511176	0	28	0	105	0	21	0	47	0	0	30.8823529	87.1794872	0	2	2	0	0	0	0	0	0	2	0	0	0	0
06-JUL-21	07-06-21	ILBR8	ILBR8	ILBR8	68	0	8398.76	0		123.511176	0	28	0	105	0	21	0	47	0	0	30.8823529	87.1794872	0	2	2	0	0	0	0	0	0	2	0	0	0	0
06-JUL-21	07-06-21	ILCOR	ILCOR	ILCOR	68	0	8398.76	0		123.511176	0	28	0	105	0	21	0	47	0	0	30.8823529	87.1794872	0	2	2	0	0	0	0	0	0	2	0	0	0	0
06-JUL-21	07-06-21	ILCRK	ILCRK	ILCRK	68	0	8398.76	0		123.511176	0	28	0	105	0	21	0	47	0	0	30.8823529	87.1794872	0	2	2	0	0	0	0	0	0	2	0	0	0	0
06-JUL-21	07-06-21	ILD3V	ILD3V	ILD3V	68	0	8398.76	0		123.511176	0	28	0	105	0	21	0	47	0	0	30.8823529	87.1794872	0	2	2	0	0	0	0	0	0	2	0	0	0	0
06-JUL-21	07-06-21	ILDM8	ILDM8	ILDM8	68	0	8398.76	0		123.511176	0	28	0	105	0	21	0	47	0	0	30.8823529	87.1794872	0	2	2	0	0	0	0	0	0	2	0	0	0	0
06-JUL-21	07-06-21	ILETM	ILETM	ILETM	68	0	8398.76	0		123.511176	0	28	0	105	0	21	0	47	0	0	30.8823529	87.1794872	0	2	2	0	0	0	0	0	0	2	0	0	0	0
06-JUL-21	07-06-21	ILFE2	ILFE2	ILFE2	68	0	8398.76	0		123.511176	0	28	0	105	0	21	0	47	0	0	30.8823529	87.1794872	0	2	2	0	0	0	0	0	0	2	0	0	0	0
06-JUL-21	07-06-21	ILHJO	ILHJO	ILHJO	68	0	8398.76	0		123.511176	0	28	0	105	0	21	0	47	0	0	30.8823529	87.1794872	0	2	2	0	0	0	0	0	0	2	0	0	0	0
06-JUL-21	07-06-21	ILHOM	ILHOM	ILHOM	68	0	8398.76	0		123.511176	0	28	0	105	0	21	0	47	0	0	30.8823529	87.1794872	0	2	2	0	0	0	0	0	0	2	0	0	0	0
06-JUL-21	07-06-21	ILKEW	ILKEW	ILKEW	68	0	8398.76	0		123.511176	0	28	0	105	0	21	0	47	0	0	30.8823529	87.1794872	0	2	2	0	0	0	0	0	0	2	0	0	0	0
06-JUL-21	07-06-21	ILM63	ILM63	ILM63	68	0	8398.76	0		123.511176	0	28	0	105	0	21	0	47	0	0	30.8823529	87.1794872	0	2	2	0	0	0	0	0	0	2	0	0	0	0
06-JUL-21	07-06-21	ILNEG	ILNEG	ILNEG	68	0	8398.76	0		123.511176	0	28	0	105	0	21	0	47	0	0	30.8823529	87.1794872	0	2	2	0	0	0	0	0	0	2	0	0	0	0
06-JUL-21	07-06-21	ILNEW	ILNEW	ILNEW	68	0	8398.76	0		123.511176	0	28	0	105	0	21	0	47	0	0	30.8823529	87.1794872	0	2	2	0	0	0	0	0	0	2	0	0	0	0
06-JUL-21	07-06-21	ILOP0	ILOP0	ILOP0	68	0	8398.76	0		123.511176	0	28	0	105	0	21	0	47	0	0	30.8823529	87.1794872	0	2	2	0	0	0	0	0	0	2	0	0	0	0
06-JUL-21	07-06-21	ILP12	ILP12	ILP12	68	0	8398.76	0		123.511176	0	28	0	105	0	21	0	47	0	0	30.8823529	87.1794872	0	2	2	0	0	0	0	0	0	2	0	0	0	0
06-JUL-21	07-06-21	ILR2V	ILR2V	ILR2V	68	0	8398.76	0		123.511176	0	28	0	105	0	21	0	47	0	0	30.8823529	87.1794872	0	2	2	0	0	0	0	0	0	2	0	0	0	0
06-JUL-21	07-06-21	ILRJ2	ILRJ2	ILRJ2	68	0	8398.76	0		123.511176	0	28	0	105	0	21	0	47	0	0	30.8823529	87.1794872	0	2	2	0	0	0	0	0	0	2	0	0	0	0
06-JUL-21	07-06-21	ILRW2	ILRW2	ILRW2	68	3	8398.76	288		123.511176	96	28	0	105	3	21	0	47	3	0	30.8823529	87.1794872	3.84615385	2	2	3	0	3	3	0	288	2	3	96	3.84615385	0
06-JUL-21	07-06-21	ILSHT	ILSHT	ILSHT	68	0	8398.76	0		123.511176	0	28	0	105	0	21	0	47	0	0	30.8823529	87.1794872	0	2	2	0	0	0	0	0	0	2	0	0	0	0
06-JUL-21	07-06-21	ILSNY	ILSNY	ILSNY	68	0	8398.76	0		123.511176	0	28	0	105	0	21	0	47	0	0	30.8823529	87.1794872	0	2	2	0	0	0	0	0	0	2	0	0	0	0
06-JUL-21	07-06-21	ILSRI	ILSRI	ILSRI	68	0	8398.76	0		123.511176	0	28	0	105	0	21	0	47	0	0	30.8823529	87.1794872	0	2	2	0	0	0	0	0	0	2	0	0	0	0
06-JUL-21	07-06-21	ILTN2	ILTN2	ILTN2	68	0	8398.76	0		123.511176	0	28	0	105	0	21	0	47	0	0	30.8823529	87.1794872	0	2	2	0	0	0	0	0	0	2	0	0	0	0
06-JUL-21	07-06-21	ILUUO	ILUUO	ILUUO	68	0	8398.76	0		123.511176	0	28	0	105	0	21	0	47	0	0	30.8823529	87.1794872	0	2	2	0	0	0	0	0	0	2	0	0	0	0
06-JUL-21	07-06-21	ILWMZ	ILWMZ	ILWMZ	68	0	8398.76	0		123.511176	0	28	0	105	0	21	0	47	0	0	30.8823529	87.1794872	0	2	2	0	0	0	0	0	0	2	0	0	0	0
06-JUL-21	07-06-21	ILWNI	ILWNI	ILWNI	68	0	8398.76	0		123.511176	0	28	0	105	0	21	0	47	0	0	30.8823529	87.1794872	0	2	2	0	0	0	0	0	0	2	0	0	0	0
06-JUL-21	07-06-21	ILWPO	ILWPO	ILWPO	68	0	8398.76	0		123.511176	0	28	0	105	0	21	0	47	0	0	30.8823529	87.1794872	0	2	2	0	0	0	0	0	0	2	0	0	0	0
06-JUL-21	07-06-21	ILXLY	ILXLY	ILXLY	68	0	8398.76	0		123.511176	0	28	0	105	0	21	0	47	0	0	30.8823529	87.1794872	0	2	2	0	0	0	0	0	0	2	0	0	0	0
06-JUL-21	07-06-21	ILXM6	ILXM6	ILXM6	68	0	8398.76	0		123.511176	0	28	0	105	0	21	0	47	0	0	30.8823529	87.1794872	0	2	2	0	0	0	0	0	0	2	0	0	0	0
06-JUL-21	07-06-21	ILYDT	ILYDT	ILYDT	68	0	8398.76	0		123.511176	0	28	0	105	0	21	0	47	0	0	30.8823529	87.1794872	0	2	2	0	0	0	0	0	0	2	0	0	0	0
06-JUL-21	07-06-21	ILYE6	ILYE6	ILYE6	68	0	8398.76	0		123.511176	0	28	0	105	0	21	0	47	0	0	30.8823529	87.1794872	0	2	2	0	0	0	0	0	0	2	0	0	0	0
06-JUL-21	07-06-21	ILZNV	ILZNV	ILZNV	68	0	8398.76	0		123.511176	0	28	0	105	0	21	0	47	0	0	30.8823529	87.1794872	0	2	2	0	0	0	0	0	0	2	0	0	0	0
06-JUL-21	07-06-21	IMGOV	IMGOV	IMGOV	68	3	8398.76	288		123.511176	96	28	1	105	3	21	0	47	3	0	30.8823529	87.1794872	3.84615385	2	2	3	1	3	3	0	288	2	3	96	3.84615385	0
06-JUL-21	07-06-21	IMMLR	IMMLR	IMMLR	68	2	8398.76	340.1		123.511176	170.05	28	2	105	4	21	1	47	1	50	30.8823529	87.1794872	2.56410256	2	2	2	2	4	1	1	340.1	2	2	170.05	2.56410256	50
06-JUL-21	07-06-21	IMSTI	IMSTI	IMSTI	68	0	8398.76	0		123.511176	0	28	0	105	0	21	0	47	0	0	30.8823529	87.1794872	0	2	2	0	0	0	0	0	0	2	0	0	0	0
06-JUL-21	07-06-21	INCMP	INCMP	INCMP	68	0	8398.76	0		123.511176	0	28	0	105	0	21	0	47	0	0	30.8823529	87.1794872	0	2	2	0	0	0	0	0	0	2	0	0	0	0
06-JUL-21	07-06-21	INIOA	INIOA	INIOA	68	0	8398.76	0		123.511176	0	28	0	105	0	21	0	47	0	0	30.8823529	87.1794872	0	2	2	0	0	0	0	0	0	2	0	0	0	0
06-JUL-21	07-06-21	IP2M2	IP2M2	IP2M2	68	0	8398.76	0		123.511176	0	28	0	105	0	21	0	47	0	0	30.8823529	87.1794872	0	2	2	0	0	0	0	0	0	2	0	0	0	0
06-JUL-21	07-06-21	IP2X4	IP2X4	IP2X4	68	0	8398.76	0		123.511176	0	28	0	105	0	21	0	47	0	0	30.8823529	87.1794872	0	2	2	0	0	0	0	0	0	2	0	0	0	0
06-JUL-21	07-06-21	IP4AE	IP4AE	IP4AE	68	0	8398.76	0		123.511176	0	28	0	105	0	21	0	47	0	0	30.8823529	87.1794872	0	2	2	0	0	0	0	0	0	2	0	0	0	0
06-JUL-21	07-06-21	IP4LW	IP4LW	IP4LW	68	0	8398.76	0		123.511176	0	28	0	105	0	21	0	47	0	0	30.8823529	87.1794872	0	2	2	0	0	0	0	0	0	2	0	0	0	0
06-JUL-21	07-06-21	IP7FY	IP7FY	IP7FY	68	0	8398.76	0		123.511176	0	28	0	105	0	21	0	47	0	0	30.8823529	87.1794872	0	2	2	0	0	0	0	0	0	2	0	0	0	0
06-JUL-21	07-06-21	IP7G4	IP7G4	IP7G4	68	0	8398.76	0		123.511176	0	28	0	105	0	21	0	47	0	0	30.8823529	87.1794872	0	2	2	0	0	0	0	0	0	2	0	0	0	0
06-JUL-21	07-06-21	IPABC	IPABC	IPABC	68	0	8398.76	0		123.511176	0	28	0	105	0	21	0	47	0	0	30.8823529	87.1794872	0	2	2	0	0	0	0	0	0	2	0	0	0	0
06-JUL-21	07-06-21	IPABD	IPABD	IPABD	68	0	8398.76	0		123.511176	0	28	0	105	0	21	0	47	0	0	30.8823529	87.1794872	0	2	2	0	0	0	0	0	0	2	0	0	0	0
06-JUL-21	07-06-21	IPAG2	IPAG2	IPAG2	68	0	8398.76	0		123.511176	0	28	0	105	0	21	0	47	0	0	30.8823529	87.1794872	0	2	2	0	0	0	0	0	0	2	0	0	0	0
06-JUL-21	07-06-21	IPAGT	IPAGT	IPAGT	68	0	8398.76	0		123.511176	0	28	0	105	0	21	0	47	0	0	30.8823529	87.1794872	0	2	2	0	0	0	0	0	0	2	0	0	0	0
06-JUL-21	07-06-21	IPAK1	IPAK1	IPAK1	68	0	8398.76	0		123.511176	0	28	0	105	0	21	0	47	0	0	30.8823529	87.1794872	0	2	2	0	0	0	0	0	0	2	0	0	0	0
06-JUL-21	07-06-21	IPAPC	IPAPC	IPAPC	68	0	8398.76	0		123.511176	0	28	0	105	0	21	0	47	0	0	30.8823529	87.1794872	0	2	2	0	0	0	0	0	0	2	0	0	0	0
06-JUL-21	07-06-21	IPBCD	IPBCD	IPBCD	68	0	8398.76	0		123.511176	0	28	0	105	0	21	0	47	0	0	30.8823529	87.1794872	0	2	2	0	0	0	0	0	0	2	0	0	0	0
06-JUL-21	07-06-21	IPBE4	IPBE4	IPBE4	68	4	8398.76	384		123.511176	96	28	0	105	4	21	0	47	4	0	30.8823529	87.1794872	5.12820513	2	2	4	0	4	4	0	384	2	4	96	5.12820513	0
06-JUL-21	07-06-21	IPBMC	IPBMC	IPBMC	68	0	8398.76	0		123.511176	0	28	0	105	0	21	0	47	0	0	30.8823529	87.1794872	0	2	2	0	0	0	0	0	0	2	0	0	0	0
06-JUL-21	07-06-21	IPBOC	IPBOC	IPBOC	68	0	8398.76	0		123.511176	0	28	0	105	0	21	0	47	0	0	30.8823529	87.1794872	0	2	2	0	0	0	0	0	0	2	0	0	0	0
06-JUL-21	07-06-21	IPBOE	IPBOE	IPBOE	68	0	8398.76	0		123.511176	0	28	0	105	0	21	0	47	0	0	30.8823529	87.1794872	0	2	2	0	0	0	0	0	0	2	0	0	0	0
06-JUL-21	07-06-21	IPBSI	IPBSI	IPBSI	68	0	8398.76	0		123.511176	0	28	0	105	0	21	0	47	0	0	30.8823529	87.1794872	0	2	2	0	0	0	0	0	0	2	0	0	0	0
06-JUL-21	07-06-21	IPBYN	IPBYN	IPBYN	68	0	8398.76	0		123.511176	0	28	0	105	0	21	0	47	0	0	30.8823529	87.1794872	0	2	2	0	0	0	0	0	0	2	0	0	0	0
06-JUL-21	07-06-21	IPCCR	IPCCR	IPCCR	68	0	8398.76	0		123.511176	0	28	0	105	0	21	0	47	0	0	30.8823529	87.1794872	0	2	2	0	0	0	0	0	0	2	0	0	0	0
06-JUL-21	07-06-21	IPCEJ	IPCEJ	IPCEJ	68	0	8398.76	0		123.511176	0	28	0	105	0	21	0	47	0	0	30.8823529	87.1794872	0	2	2	0	0	0	0	0	0	2	0	0	0	0
06-JUL-21	07-06-21	IPCTS	IPCTS	IPCTS	68	0	8398.76	0		123.511176	0	28	0	105	0	21	0	47	0	0	30.8823529	87.1794872	0	2	2	0	0	0	0	0	0	2	0	0	0	0
06-JUL-21	07-06-21	IPCWT	IPCWT	IPCWT	68	0	8398.76	0		123.511176	0	28	0	105	0	21	0	47	0	0	30.8823529	87.1794872	0	2	2	0	0	0	0	0	0	2	0	0	0	0
06-JUL-21	07-06-21	IPEMB	IPEMB	IPEMB	68	0	8398.76	0		123.511176	0	28	0	105	0	21	0	47	0	0	30.8823529	87.1794872	0	2	2	0	0	0	0	0	0	2	0	0	0	0
06-JUL-21	07-06-21	IPF90	IPF90	IPF90	68	2	8398.76	172		123.511176	86	28	0	105	2	21	0	47	2	0	30.8823529	87.1794872	2.56410256	2	2	2	0	2	2	0	172	2	2	86	2.56410256	0
06-JUL-21	07-06-21	IPFCI	IPFCI	IPFCI	68	0	8398.76	0		123.511176	0	28	0	105	0	21	0	47	0	0	30.8823529	87.1794872	0	2	2	0	0	0	0	0	0	2	0	0	0	0
06-JUL-21	07-06-21	IPHON	IPHON	IPHON	68	0	8398.76	0		123.511176	0	28	0	105	0	21	0	47	0	0	30.8823529	87.1794872	0	2	2	0	0	0	0	0	0	2	0	0	0	0
06-JUL-21	07-06-21	IPHRP	IPHRP	IPHRP	68	0	8398.76	0		123.511176	0	28	0	105	0	21	0	47	0	0	30.8823529	87.1794872	0	2	2	0	0	0	0	0	0	2	0	0	0	0
06-JUL-21	07-06-21	IPIZ0	IPIZ0	IPIZ0	68	0	8398.76	0		123.511176	0	28	0	105	0	21	0	47	0	0	30.8823529	87.1794872	0	2	2	0	0	0	0	0	0	2	0	0	0	0
06-JUL-21	07-06-21	IPJTB	IPJTB	IPJTB	68	0	8398.76	0		123.511176	0	28	0	105	0	21	0	47	0	0	30.8823529	87.1794872	0	2	2	0	0	0	0	0	0	2	0	0	0	0
06-JUL-21	07-06-21	IPLKM	IPLKM	IPLKM	68	0	8398.76	0		123.511176	0	28	0	105	0	21	0	47	0	0	30.8823529	87.1794872	0	2	2	0	0	0	0	0	0	2	0	0	0	0
06-JUL-21	07-06-21	IPLLC	IPLLC	IPLLC	68	0	8398.76	0		123.511176	0	28	0	105	0	21	0	47	0	0	30.8823529	87.1794872	0	2	2	0	0	0	0	0	0	2	0	0	0	0
06-JUL-21	07-06-21	IPLLL	IPLLL	IPLLL	68	0	8398.76	0		123.511176	0	28	0	105	0	21	0	47	0	0	30.8823529	87.1794872	0	2	2	0	0	0	0	0	0	2	0	0	0	0
06-JUL-21	07-06-21	IPM8X	IPM8X	IPM8X	68	0	8398.76	0		123.511176	0	28	0	105	0	21	0	47	0	0	30.8823529	87.1794872	0	2	2	0	0	0	0	0	0	2	0	0	0	0
06-JUL-21	07-06-21	IPMOT	IPMOT	IPMOT	68	0	8398.76	0		123.511176	0	28	0	105	0	21	0	47	0	0	30.8823529	87.1794872	0	2	2	0	0	0	0	0	0	2	0	0	0	0
06-JUL-21	07-06-21	IPNGA	IPNGA	IPNGA	68	0	8398.76	0		123.511176	0	28	0	105	0	21	0	47	0	0	30.8823529	87.1794872	0	2	2	0	0	0	0	0	0	2	0	0	0	0
06-JUL-21	07-06-21	IPNTG	IPNTG	IPNTG	68	0	8398.76	0		123.511176	0	28	0	105	0	21	0	47	0	0	30.8823529	87.1794872	0	2	2	0	0	0	0	0	0	2	0	0	0	0
06-JUL-21	07-06-21	IPORN	IPORN	IPORN	68	0	8398.76	0		123.511176	0	28	0	105	0	21	0	47	0	0	30.8823529	87.1794872	0	2	2	0	0	0	0	0	0	2	0	0	0	0
06-JUL-21	07-06-21	IPRAY	IPRAY	IPRAY	68	5	8398.76	480		123.511176	96	28	1	105	5	21	0	47	5	0	30.8823529	87.1794872	6.41025641	2	2	5	1	5	5	0	480	2	5	96	6.41025641	0
06-JUL-21	07-06-21	IPSAI	IPSAI	IPSAI	68	0	8398.76	0		123.511176	0	28	0	105	0	21	0	47	0	0	30.8823529	87.1794872	0	2	2	0	0	0	0	0	0	2	0	0	0	0
06-JUL-21	07-06-21	IPSGV	IPSGV	IPSGV	68	0	8398.76	0		123.511176	0	28	0	105	0	21	0	47	0	0	30.8823529	87.1794872	0	2	2	0	0	0	0	0	0	2	0	0	0	0
06-JUL-21	07-06-21	IPSTF	IPSTF	IPSTF	68	0	8398.76	0		123.511176	0	28	0	105	0	21	0	47	0	0	30.8823529	87.1794872	0	2	2	0	0	0	0	0	0	2	0	0	0	0
06-JUL-21	07-06-21	IPSTN	IPSTN	IPSTN	68	0	8398.76	0		123.511176	0	28	0	105	0	21	0	47	0	0	30.8823529	87.1794872	0	2	2	0	0	0	0	0	0	2	0	0	0	0
06-JUL-21	07-06-21	IPTHR	IPTHR	IPTHR	68	0	8398.76	0		123.511176	0	28	0	105	0	21	0	47	0	0	30.8823529	87.1794872	0	2	2	0	0	0	0	0	0	2	0	0	0	0
06-JUL-21	07-06-21	IPTSA	IPTSA	IPTSA	68	0	8398.76	0		123.511176	0	28	0	105	0	21	0	47	0	0	30.8823529	87.1794872	0	2	2	0	0	0	0	0	0	2	0	0	0	0
06-JUL-21	07-06-21	IPTT1	IPTT1	IPTT1	68	0	8398.76	0		123.511176	0	28	0	105	0	21	0	47	0	0	30.8823529	87.1794872	0	2	2	0	0	0	0	0	0	2	0	0	0	0
06-JUL-21	07-06-21	IPUTI	IPUTI	IPUTI	68	0	8398.76	0		123.511176	0	28	0	105	0	21	0	47	0	0	30.8823529	87.1794872	0	2	2	0	0	0	0	0	0	2	0	0	0	0
06-JUL-21	07-06-21	IPUX0	IPUX0	IPUX0	68	1	8398.76	105		123.511176	105	28	0	105	1	21	0	47	1	0	30.8823529	87.1794872	1.28205128	2	2	1	0	1	1	0	105	2	1	105	1.28205128	0
06-JUL-21	07-06-21	IPUZB	IPUZB	IPUZB	68	0	8398.76	0		123.511176	0	28	0	105	0	21	0	47	0	0	30.8823529	87.1794872	0	2	2	0	0	0	0	0	0	2	0	0	0	0
06-JUL-21	07-06-21	IPVU1	IPVU1	IPVU1	68	0	8398.76	0		123.511176	0	28	0	105	0	21	0	47	0	0	30.8823529	87.1794872	0	2	2	0	0	0	0	0	0	2	0	0	0	0
06-JUL-21	07-06-21	IPWLA	IPWLA	IPWLA	68	0	8398.76	0		123.511176	0	28	0	105	0	21	0	47	0	0	30.8823529	87.1794872	0	2	2	0	0	0	0	0	0	2	0	0	0	0
06-JUL-21	07-06-21	IPWQD	IPWQD	IPWQD	68	0	8398.76	0		123.511176	0	28	0	105	0	21	0	47	0	0	30.8823529	87.1794872	0	2	2	0	0	0	0	0	0	2	0	0	0	0
06-JUL-21	07-06-21	IPXA3	IPXA3	IPXA3	68	0	8398.76	0		123.511176	0	28	0	105	0	21	0	47	0	0	30.8823529	87.1794872	0	2	2	0	0	0	0	0	0	2	0	0	0	0
06-JUL-21	07-06-21	IPXAL	IPXAL	IPXAL	68	0	8398.76	0		123.511176	0	28	0	105	0	21	0	47	0	0	30.8823529	87.1794872	0	2	2	0	0	0	0	0	0	2	0	0	0	0
06-JUL-21	07-06-21	IPZAS	IPZAS	IPZAS	68	0	8398.76	0		123.511176	0	28	0	105	0	21	0	47	0	0	30.8823529	87.1794872	0	2	2	0	0	0	0	0	0	2	0	0	0	0
06-JUL-21	07-06-21	IPZD4	IPZD4	IPZD4	68	0	8398.76	0		123.511176	0	28	0	105	0	21	0	47	0	0	30.8823529	87.1794872	0	2	2	0	0	0	0	0	0	2	0	0	0	0
06-JUL-21	07-06-21	IRCUO	IRCUO	IRCUO	68	0	8398.76	0		123.511176	0	28	0	105	0	21	0	47	0	0	30.8823529	87.1794872	0	2	2	0	0	0	0	0	0	2	0	0	0	0
06-JUL-21	07-06-21	IRRCK	IRRCK	IRRCK	68	0	8398.76	0		123.511176	0	28	0	105	0	21	0	47	0	0	30.8823529	87.1794872	0	2	2	0	0	0	0	0	0	2	0	0	0	0
06-JUL-21	07-06-21	ISHD1	ISHD1	ISHD1	68	0	8398.76	0		123.511176	0	28	0	105	0	21	0	47	0	0	30.8823529	87.1794872	0	2	2	0	0	0	0	0	0	2	0	0	0	0
06-JUL-21	07-06-21	IVACN	IVACN	IVACN	68	0	8398.76	0		123.511176	0	28	0	105	0	21	0	47	0	0	30.8823529	87.1794872	0	2	2	0	0	0	0	0	0	2	0	0	0	0
06-JUL-21	07-06-21	IVALP	IVALP	IVALP	68	0	8398.76	0		123.511176	0	28	0	105	0	21	0	47	0	0	30.8823529	87.1794872	0	2	2	0	0	0	0	0	0	2	0	0	0	0
06-JUL-21	07-06-21	IVAMX	IVAMX	IVAMX	68	0	8398.76	0		123.511176	0	28	0	105	0	21	0	47	0	0	30.8823529	87.1794872	0	2	2	0	0	0	0	0	0	2	0	0	0	0
06-JUL-21	07-06-21	IVANI	IVANI	IVANI	68	3	8398.76	90		123.511176	30	28	1	105	5	21	2	47	1	66.6666667	30.8823529	87.1794872	3.84615385	2	2	3	1	5	1	2	90	2	3	30	3.84615385	66.6666667
06-JUL-21	07-06-21	IVBFN	IVBFN	IVBFN	68	0	8398.76	0		123.511176	0	28	0	105	0	21	0	47	0	0	30.8823529	87.1794872	0	2	2	0	0	0	0	0	0	2	0	0	0	0
06-JUL-21	07-06-21	IVCFN	IVCFN	IVCFN	68	0	8398.76	0		123.511176	0	28	0	105	0	21	0	47	0	0	30.8823529	87.1794872	0	2	2	0	0	0	0	0	0	2	0	0	0	0
06-JUL-21	07-06-21	IVCIT	IVCIT	IVCIT	68	0	8398.76	0		123.511176	0	28	0	105	0	21	0	47	0	0	30.8823529	87.1794872	0	2	2	0	0	0	0	0	0	2	0	0	0	0
06-JUL-21	07-06-21	IVED2	IVED2	IVED2	68	0	8398.76	0		123.511176	0	28	0	105	0	21	0	47	0	0	30.8823529	87.1794872	0	2	2	0	0	0	0	0	0	2	0	0	0	0
06-JUL-21	07-06-21	IVEDI	IVEDI	IVEDI	68	0	8398.76	0		123.511176	0	28	0	105	0	21	0	47	0	0	30.8823529	87.1794872	0	2	2	0	0	0	0	0	0	2	0	0	0	0
06-JUL-21	07-06-21	IVFF3	IVFF3	IVFF3	68	0	8398.76	0		123.511176	0	28	0	105	0	21	0	47	0	0	30.8823529	87.1794872	0	2	2	0	0	0	0	0	0	2	0	0	0	0
06-JUL-21	07-06-21	IVGPP	IVGPP	IVGPP	68	0	8398.76	0		123.511176	0	28	0	105	0	21	0	47	0	0	30.8823529	87.1794872	0	2	2	0	0	0	0	0	0	2	0	0	0	0
06-JUL-21	07-06-21	IVHVF	IVHVF	IVHVF	68	0	8398.76	0		123.511176	0	28	0	105	0	21	0	47	0	0	30.8823529	87.1794872	0	2	2	0	0	0	0	0	0	2	0	0	0	0
06-JUL-21	07-06-21	IVRAF	IVRAF	IVRAF	68	0	8398.76	0		123.511176	0	28	0	105	0	21	0	47	0	0	30.8823529	87.1794872	0	2	2	0	0	0	0	0	0	2	0	0	0	0
06-JUL-21	07-06-21	IVSHA	IVSHA	IVSHA	68	0	8398.76	0		123.511176	0	28	0	105	0	21	0	47	0	0	30.8823529	87.1794872	0	2	2	0	0	0	0	0	0	2	0	0	0	0
06-JUL-21	07-06-21	IVSHB	IVSHB	IVSHB	68	0	8398.76	0		123.511176	0	28	0	105	0	21	0	47	0	0	30.8823529	87.1794872	0	2	2	0	0	0	0	0	0	2	0	0	0	0
06-JUL-21	07-06-21	IVSTF	IVSTF	IVSTF	68	0	8398.76	0		123.511176	0	28	0	105	0	21	0	47	0	0	30.8823529	87.1794872	0	2	2	0	0	0	0	0	0	2	0	0	0	0
06-JUL-21	07-06-21	IVTCD	IVTCD	IVTCD	68	0	8398.76	0		123.511176	0	28	0	105	0	21	0	47	0	0	30.8823529	87.1794872	0	2	2	0	0	0	0	0	0	2	0	0	0	0
06-JUL-21	07-06-21	IWAW5	IWAW5	IWAW5	68	0	8398.76	0		123.511176	0	28	0	105	0	21	0	47	0	0	30.8823529	87.1794872	0	2	2	0	0	0	0	0	0	2	0	0	0	0
06-JUL-21	07-06-21	IWH25	IWH25	IWH25	68	0	8398.76	0		123.511176	0	28	0	105	0	21	0	47	0	0	30.8823529	87.1794872	0	2	2	0	0	0	0	0	0	2	0	0	0	0
06-JUL-21	07-06-21	IWP15	IWP15	IWP15	68	0	8398.76	0		123.511176	0	28	0	105	0	21	0	47	0	0	30.8823529	87.1794872	0	2	2	0	0	0	0	0	0	2	0	0	0	0
06-JUL-21	07-06-21	IWU25	IWU25	IWU25	68	0	8398.76	0		123.511176	0	28	0	105	0	21	0	47	0	0	30.8823529	87.1794872	0	2	2	0	0	0	0	0	0	2	0	0	0	0
06-JUL-21	07-06-21	IX7FA	IX7FA	IX7FA	68	0	8398.76	0		123.511176	0	28	0	105	0	21	0	47	0	0	30.8823529	87.1794872	0	2	2	0	0	0	0	0	0	2	0	0	0	0
06-JUL-21	07-06-21	IXJ95	IXJ95	IXJ95	68	0	8398.76	0		123.511176	0	28	0	105	0	21	0	47	0	0	30.8823529	87.1794872	0	2	2	0	0	0	0	0	0	2	0	0	0	0
06-JUL-21	07-06-21	IXNE1	IXNE1	IXNE1	68	0	8398.76	0		123.511176	0	28	0	105	0	21	0	47	0	0	30.8823529	87.1794872	0	2	2	0	0	0	0	0	0	2	0	0	0	0
06-JUL-21	07-06-21	IXPZC	IXPZC	IXPZC	68	0	8398.76	0		123.511176	0	28	0	105	0	21	0	47	0	0	30.8823529	87.1794872	0	2	2	0	0	0	0	0	0	2	0	0	0	0
06-JUL-21	07-06-21	IXQZE	IXQZE	IXQZE	68	0	8398.76	0		123.511176	0	28	0	105	0	21	0	47	0	0	30.8823529	87.1794872	0	2	2	0	0	0	0	0	0	2	0	0	0	0
06-JUL-21	07-06-21	IXY5E	IXY5E	IXY5E	68	0	8398.76	0		123.511176	0	28	0	105	0	21	0	47	0	0	30.8823529	87.1794872	0	2	2	0	0	0	0	0	0	2	0	0	0	0
06-JUL-21	07-06-21	IYOTH	IYOTH	IYOTH	68	0	8398.76	0		123.511176	0	28	0	105	0	21	0	47	0	0	30.8823529	87.1794872	0	2	2	0	0	0	0	0	0	2	0	0	0	0
06-JUL-21	07-06-21	IYOTH14	IYOTH14	IYOTH14	68	0	8398.76	0		123.511176	0	28	0	105	0	21	0	47	0	0	30.8823529	87.1794872	0	2	2	0	0	0	0	0	0	2	0	0	0	0
06-JUL-21	07-06-21	IYOTH30	IYOTH30	IYOTH30	68	1	8398.76	163.2		123.511176	163.2	28	0	105	1	21	0	47	1	0	30.8823529	87.1794872	1.28205128	2	2	1	0	1	1	0	163.2	2	1	163.2	1.28205128	0
06-JUL-21	07-06-21	IYS00	IYS00	IYS00	68	0	8398.76	0		123.511176	0	28	0	105	0	21	0	47	0	0	30.8823529	87.1794872	0	2	2	0	0	0	0	0	0	2	0	0	0	0
06-JUL-21	07-06-21	IYS0G	IYS0G	IYS0G	68	0	8398.76	0		123.511176	0	28	0	105	0	21	0	47	0	0	30.8823529	87.1794872	0	2	2	0	0	0	0	0	0	2	0	0	0	0
06-JUL-21	07-06-21	IYS10	IYS10	IYS10	68	0	8398.76	0		123.511176	0	28	0	105	0	21	0	47	0	0	30.8823529	87.1794872	0	2	2	0	0	0	0	0	0	2	0	0	0	0
06-JUL-21	07-06-21	IYS12	IYS12	IYS12	68	0	8398.76	0		123.511176	0	28	0	105	0	21	0	47	0	0	30.8823529	87.1794872	0	2	2	0	0	0	0	0	0	2	0	0	0	0
06-JUL-21	07-06-21	IYS14	IYS14	IYS14	68	0	8398.76	0		123.511176	0	28	0	105	0	21	0	47	0	0	30.8823529	87.1794872	0	2	2	0	0	0	0	0	0	2	0	0	0	0
06-JUL-21	07-06-21	IYS15	IYS15	IYS15	68	0	8398.76	0		123.511176	0	28	0	105	0	21	0	47	0	0	30.8823529	87.1794872	0	2	2	0	0	0	0	0	0	2	0	0	0	0
06-JUL-21	07-06-21	IYSIB	IYSIB	IYSIB	68	0	8398.76	0		123.511176	0	28	0	105	0	21	0	47	0	0	30.8823529	87.1794872	0	2	2	0	0	0	0	0	0	2	0	0	0	0
06-JUL-21	07-06-21	IYSVC	IYSVC	IYSVC	68	0	8398.76	0		123.511176	0	28	0	105	0	21	0	47	0	0	30.8823529	87.1794872	0	2	2	0	0	0	0	0	0	2	0	0	0	0
06-JUL-21	07-06-21	IYSWG	IYSWG	IYSWG	68	0	8398.76	0		123.511176	0	28	0	105	0	21	0	47	0	0	30.8823529	87.1794872	0	2	2	0	0	0	0	0	0	2	0	0	0	0
06-JUL-21	07-06-21	IYSWV	IYSWV	IYSWV	68	0	8398.76	0		123.511176	0	28	0	105	0	21	0	47	0	0	30.8823529	87.1794872	0	2	2	0	0	0	0	0	0	2	0	0	0	0
S_DEF_ROOM_REPORT	S_REV_REPORT	TOT_ARR_REPORT	LOGO	ARR_RMS_REP	GUEST_REP	SINGLE_OCC_REP	DOUBLE_OCC_REP	PER_OCC_REP	REP_ROOMS	REP_DOUBLE_OCC_PER	CS_SUM_OO_REP
68	8398.76	123.511176		28	105	47	21	87.1794872	0	30.8823529	2
