RESERVATION_DATE	CHAR_RESERVATION_DATE	MARKET_CODE_SEQ	MARKET_CODE	MARKET_CODE_DESCRIPTION	S_DEF_ROOMS_DAY	S_DEF_ROOMS_MKT	S_REV_DAY	S_REV_MKT	DAY_ROOMS	TOT_ARR_DAY	TOT_ARR_MKT	ARRIVAL_RMS_DAY	ARR_RMS_MKT	GUEST_DAY	GUEST_MKT	DOUBLE_OCC_DAY	DOUBLE_OCC_MKT	SINGLE_OCC_DAY	SINGLE_OCC_MKT	PER_DOUBLE_MKT	PER_DOUBLE_OCC_DAY	PER_OCC_DAY	PER_OCC_MKT	CS_SUM_OO_MKT	CS_AVG_OO_DAY	NO_DEFINITE_ROOMS	ARRIVAL_RMS	NO_OF_GUESTS	SINGLE_OCCUPANCY	MULTI_OCCUPANCY	TOTAL_REVENUE	OO_ROOMS	PRINT_NO_OF_ROOMS	GET_ARR	PER_OCC	MULTI_OCC_PER
19-JUL-21	07-19-21	AL4FY	AL4FY	AL4FY	60	0	7345.01	0		122.416833	0	38	0	84	0	17	0	43	0	0	28.3333333	77.9220779	0	3	3	0	0	0	0	0	0	3	0	0	0	0
19-JUL-21	07-19-21	ALHSC	ALHSC	ALHSC	60	0	7345.01	0		122.416833	0	38	0	84	0	17	0	43	0	0	28.3333333	77.9220779	0	3	3	0	0	0	0	0	0	3	0	0	0	0
19-JUL-21	07-19-21	ALHY0	ALHY0	ALHY0	60	0	7345.01	0		122.416833	0	38	0	84	0	17	0	43	0	0	28.3333333	77.9220779	0	3	3	0	0	0	0	0	0	3	0	0	0	0
19-JUL-21	07-19-21	ALIQC	ALIQC	ALIQC	60	0	7345.01	0		122.416833	0	38	0	84	0	17	0	43	0	0	28.3333333	77.9220779	0	3	3	0	0	0	0	0	0	3	0	0	0	0
19-JUL-21	07-19-21	ALJ2R	ALJ2R	ALJ2R	60	0	7345.01	0		122.416833	0	38	0	84	0	17	0	43	0	0	28.3333333	77.9220779	0	3	3	0	0	0	0	0	0	3	0	0	0	0
19-JUL-21	07-19-21	ALT29	ALT29	ALT29	60	0	7345.01	0		122.416833	0	38	0	84	0	17	0	43	0	0	28.3333333	77.9220779	0	3	3	0	0	0	0	0	0	3	0	0	0	0
19-JUL-21	07-19-21	AP027	AP027	AP027	60	0	7345.01	0		122.416833	0	38	0	84	0	17	0	43	0	0	28.3333333	77.9220779	0	3	3	0	0	0	0	0	0	3	0	0	0	0
19-JUL-21	07-19-21	AP043	AP043	AP043	60	0	7345.01	0		122.416833	0	38	0	84	0	17	0	43	0	0	28.3333333	77.9220779	0	3	3	0	0	0	0	0	0	3	0	0	0	0
19-JUL-21	07-19-21	AP05L	AP05L	AP05L	60	0	7345.01	0		122.416833	0	38	0	84	0	17	0	43	0	0	28.3333333	77.9220779	0	3	3	0	0	0	0	0	0	3	0	0	0	0
19-JUL-21	07-19-21	APENT	APENT	APENT	60	0	7345.01	0		122.416833	0	38	0	84	0	17	0	43	0	0	28.3333333	77.9220779	0	3	3	0	0	0	0	0	0	3	0	0	0	0
19-JUL-21	07-19-21	APORG	APORG	APORG	60	0	7345.01	0		122.416833	0	38	0	84	0	17	0	43	0	0	28.3333333	77.9220779	0	3	3	0	0	0	0	0	0	3	0	0	0	0
19-JUL-21	07-19-21	APWTT	APWTT	APWTT	60	0	7345.01	0		122.416833	0	38	0	84	0	17	0	43	0	0	28.3333333	77.9220779	0	3	3	0	0	0	0	0	0	3	0	0	0	0
19-JUL-21	07-19-21	HOUSE	HOUSE	HOUSE	60	0	7345.01	0		122.416833	0	38	0	84	0	17	0	43	0	0	28.3333333	77.9220779	0	3	3	0	0	0	0	0	0	3	0	0	0	0
19-JUL-21	07-19-21	IBGP1	IBGP1	IBGP1	60	0	7345.01	0		122.416833	0	38	0	84	0	17	0	43	0	0	28.3333333	77.9220779	0	3	3	0	0	0	0	0	0	3	0	0	0	0
19-JUL-21	07-19-21	IDA00	IDA00	IDA00	60	0	7345.01	0		122.416833	0	38	0	84	0	17	0	43	0	0	28.3333333	77.9220779	0	3	3	0	0	0	0	0	0	3	0	0	0	0
19-JUL-21	07-19-21	IDA0G	IDA0G	IDA0G	60	0	7345.01	0		122.416833	0	38	0	84	0	17	0	43	0	0	28.3333333	77.9220779	0	3	3	0	0	0	0	0	0	3	0	0	0	0
19-JUL-21	07-19-21	IDA10	IDA10	IDA10	60	0	7345.01	0		122.416833	0	38	0	84	0	17	0	43	0	0	28.3333333	77.9220779	0	3	3	0	0	0	0	0	0	3	0	0	0	0
19-JUL-21	07-19-21	IDA12	IDA12	IDA12	60	0	7345.01	0		122.416833	0	38	0	84	0	17	0	43	0	0	28.3333333	77.9220779	0	3	3	0	0	0	0	0	0	3	0	0	0	0
19-JUL-21	07-19-21	IDA15	IDA15	IDA15	60	0	7345.01	0		122.416833	0	38	0	84	0	17	0	43	0	0	28.3333333	77.9220779	0	3	3	0	0	0	0	0	0	3	0	0	0	0
19-JUL-21	07-19-21	IDA20	IDA20	IDA20	60	0	7345.01	0		122.416833	0	38	0	84	0	17	0	43	0	0	28.3333333	77.9220779	0	3	3	0	0	0	0	0	0	3	0	0	0	0
19-JUL-21	07-19-21	IDA25	IDA25	IDA25	60	0	7345.01	0		122.416833	0	38	0	84	0	17	0	43	0	0	28.3333333	77.9220779	0	3	3	0	0	0	0	0	0	3	0	0	0	0
19-JUL-21	07-19-21	IDAAA	IDAAA	IDAAA	60	0	7345.01	0		122.416833	0	38	0	84	0	17	0	43	0	0	28.3333333	77.9220779	0	3	3	0	0	0	0	0	0	3	0	0	0	0
19-JUL-21	07-19-21	IDACC	IDACC	IDACC	60	0	7345.01	0		122.416833	0	38	0	84	0	17	0	43	0	0	28.3333333	77.9220779	0	3	3	0	0	0	0	0	0	3	0	0	0	0
19-JUL-21	07-19-21	IDACP	IDACP	IDACP	60	0	7345.01	0		122.416833	0	38	0	84	0	17	0	43	0	0	28.3333333	77.9220779	0	3	3	0	0	0	0	0	0	3	0	0	0	0
19-JUL-21	07-19-21	IDAFS	IDAFS	IDAFS	60	0	7345.01	0		122.416833	0	38	0	84	0	17	0	43	0	0	28.3333333	77.9220779	0	3	3	0	0	0	0	0	0	3	0	0	0	0
19-JUL-21	07-19-21	IDAGP	IDAGP	IDAGP	60	0	7345.01	0		122.416833	0	38	0	84	0	17	0	43	0	0	28.3333333	77.9220779	0	3	3	0	0	0	0	0	0	3	0	0	0	0
19-JUL-21	07-19-21	IDAIB	IDAIB	IDAIB	60	0	7345.01	0		122.416833	0	38	0	84	0	17	0	43	0	0	28.3333333	77.9220779	0	3	3	0	0	0	0	0	0	3	0	0	0	0
19-JUL-21	07-19-21	IDAMR	IDAMR	IDAMR	60	0	7345.01	0		122.416833	0	38	0	84	0	17	0	43	0	0	28.3333333	77.9220779	0	3	3	0	0	0	0	0	0	3	0	0	0	0
19-JUL-21	07-19-21	IDANP	IDANP	IDANP	60	0	7345.01	0		122.416833	0	38	0	84	0	17	0	43	0	0	28.3333333	77.9220779	0	3	3	0	0	0	0	0	0	3	0	0	0	0
19-JUL-21	07-19-21	IDARP	IDARP	IDARP	60	0	7345.01	0		122.416833	0	38	0	84	0	17	0	43	0	0	28.3333333	77.9220779	0	3	3	0	0	0	0	0	0	3	0	0	0	0
19-JUL-21	07-19-21	IDAS1	IDAS1	IDAS1	60	0	7345.01	0		122.416833	0	38	0	84	0	17	0	43	0	0	28.3333333	77.9220779	0	3	3	0	0	0	0	0	0	3	0	0	0	0
19-JUL-21	07-19-21	IDAVC	IDAVC	IDAVC	60	0	7345.01	0		122.416833	0	38	0	84	0	17	0	43	0	0	28.3333333	77.9220779	0	3	3	0	0	0	0	0	0	3	0	0	0	0
19-JUL-21	07-19-21	IDAWG	IDAWG	IDAWG	60	0	7345.01	0		122.416833	0	38	0	84	0	17	0	43	0	0	28.3333333	77.9220779	0	3	3	0	0	0	0	0	0	3	0	0	0	0
19-JUL-21	07-19-21	IDAWV	IDAWV	IDAWV	60	0	7345.01	0		122.416833	0	38	0	84	0	17	0	43	0	0	28.3333333	77.9220779	0	3	3	0	0	0	0	0	0	3	0	0	0	0
19-JUL-21	07-19-21	IDAX4	IDAX4	IDAX4	60	0	7345.01	0		122.416833	0	38	0	84	0	17	0	43	0	0	28.3333333	77.9220779	0	3	3	0	0	0	0	0	0	3	0	0	0	0
19-JUL-21	07-19-21	IDBRV	IDBRV	IDBRV	60	0	7345.01	0		122.416833	0	38	0	84	0	17	0	43	0	0	28.3333333	77.9220779	0	3	3	0	0	0	0	0	0	3	0	0	0	0
19-JUL-21	07-19-21	IDH00	IDH00	IDH00	60	0	7345.01	0		122.416833	0	38	0	84	0	17	0	43	0	0	28.3333333	77.9220779	0	3	3	0	0	0	0	0	0	3	0	0	0	0
19-JUL-21	07-19-21	IDH0G	IDH0G	IDH0G	60	5	7345.01	767.7		122.416833	153.54	38	4	84	8	17	3	43	2	60	28.3333333	77.9220779	6.49350649	3	3	5	4	8	2	3	767.7	3	5	153.54	6.49350649	60
19-JUL-21	07-19-21	IDH10	IDH10	IDH10	60	0	7345.01	0		122.416833	0	38	0	84	0	17	0	43	0	0	28.3333333	77.9220779	0	3	3	0	0	0	0	0	0	3	0	0	0	0
19-JUL-21	07-19-21	IDH12	IDH12	IDH12	60	0	7345.01	0		122.416833	0	38	0	84	0	17	0	43	0	0	28.3333333	77.9220779	0	3	3	0	0	0	0	0	0	3	0	0	0	0
19-JUL-21	07-19-21	IDH14	IDH14	IDH14	60	0	7345.01	0		122.416833	0	38	0	84	0	17	0	43	0	0	28.3333333	77.9220779	0	3	3	0	0	0	0	0	0	3	0	0	0	0
19-JUL-21	07-19-21	IDH15	IDH15	IDH15	60	0	7345.01	0		122.416833	0	38	0	84	0	17	0	43	0	0	28.3333333	77.9220779	0	3	3	0	0	0	0	0	0	3	0	0	0	0
19-JUL-21	07-19-21	IDH20	IDH20	IDH20	60	0	7345.01	0		122.416833	0	38	0	84	0	17	0	43	0	0	28.3333333	77.9220779	0	3	3	0	0	0	0	0	0	3	0	0	0	0
19-JUL-21	07-19-21	IDH25	IDH25	IDH25	60	2	7345.01	214.66		122.416833	107.33	38	2	84	4	17	2	43	0	100	28.3333333	77.9220779	2.59740260	3	3	2	2	4	0	2	214.66	3	2	107.33	2.59740260	100
19-JUL-21	07-19-21	IDHCC	IDHCC	IDHCC	60	0	7345.01	0		122.416833	0	38	0	84	0	17	0	43	0	0	28.3333333	77.9220779	0	3	3	0	0	0	0	0	0	3	0	0	0	0
19-JUL-21	07-19-21	IDHCP	IDHCP	IDHCP	60	0	7345.01	0		122.416833	0	38	0	84	0	17	0	43	0	0	28.3333333	77.9220779	0	3	3	0	0	0	0	0	0	3	0	0	0	0
19-JUL-21	07-19-21	IDHGP	IDHGP	IDHGP	60	0	7345.01	0		122.416833	0	38	0	84	0	17	0	43	0	0	28.3333333	77.9220779	0	3	3	0	0	0	0	0	0	3	0	0	0	0
19-JUL-21	07-19-21	IDHIB	IDHIB	IDHIB	60	0	7345.01	0		122.416833	0	38	0	84	0	17	0	43	0	0	28.3333333	77.9220779	0	3	3	0	0	0	0	0	0	3	0	0	0	0
19-JUL-21	07-19-21	IDHNP	IDHNP	IDHNP	60	0	7345.01	0		122.416833	0	38	0	84	0	17	0	43	0	0	28.3333333	77.9220779	0	3	3	0	0	0	0	0	0	3	0	0	0	0
19-JUL-21	07-19-21	IDHVC	IDHVC	IDHVC	60	0	7345.01	0		122.416833	0	38	0	84	0	17	0	43	0	0	28.3333333	77.9220779	0	3	3	0	0	0	0	0	0	3	0	0	0	0
19-JUL-21	07-19-21	IDHWG	IDHWG	IDHWG	60	0	7345.01	0		122.416833	0	38	0	84	0	17	0	43	0	0	28.3333333	77.9220779	0	3	3	0	0	0	0	0	0	3	0	0	0	0
19-JUL-21	07-19-21	IDHWV	IDHWV	IDHWV	60	0	7345.01	0		122.416833	0	38	0	84	0	17	0	43	0	0	28.3333333	77.9220779	0	3	3	0	0	0	0	0	0	3	0	0	0	0
19-JUL-21	07-19-21	IDIN2	IDIN2	IDIN2	60	0	7345.01	0		122.416833	0	38	0	84	0	17	0	43	0	0	28.3333333	77.9220779	0	3	3	0	0	0	0	0	0	3	0	0	0	0
19-JUL-21	07-19-21	IDINR	IDINR	IDINR	60	0	7345.01	0		122.416833	0	38	0	84	0	17	0	43	0	0	28.3333333	77.9220779	0	3	3	0	0	0	0	0	0	3	0	0	0	0
19-JUL-21	07-19-21	IDL00	IDL00	IDL00	60	0	7345.01	0		122.416833	0	38	0	84	0	17	0	43	0	0	28.3333333	77.9220779	0	3	3	0	0	0	0	0	0	3	0	0	0	0
19-JUL-21	07-19-21	IDL0G	IDL0G	IDL0G	60	0	7345.01	0		122.416833	0	38	0	84	0	17	0	43	0	0	28.3333333	77.9220779	0	3	3	0	0	0	0	0	0	3	0	0	0	0
19-JUL-21	07-19-21	IDL10	IDL10	IDL10	60	0	7345.01	0		122.416833	0	38	0	84	0	17	0	43	0	0	28.3333333	77.9220779	0	3	3	0	0	0	0	0	0	3	0	0	0	0
19-JUL-21	07-19-21	IDL12	IDL12	IDL12	60	0	7345.01	0		122.416833	0	38	0	84	0	17	0	43	0	0	28.3333333	77.9220779	0	3	3	0	0	0	0	0	0	3	0	0	0	0
19-JUL-21	07-19-21	IDL14	IDL14	IDL14	60	0	7345.01	0		122.416833	0	38	0	84	0	17	0	43	0	0	28.3333333	77.9220779	0	3	3	0	0	0	0	0	0	3	0	0	0	0
19-JUL-21	07-19-21	IDL15	IDL15	IDL15	60	0	7345.01	0		122.416833	0	38	0	84	0	17	0	43	0	0	28.3333333	77.9220779	0	3	3	0	0	0	0	0	0	3	0	0	0	0
19-JUL-21	07-19-21	IDLCC	IDLCC	IDLCC	60	0	7345.01	0		122.416833	0	38	0	84	0	17	0	43	0	0	28.3333333	77.9220779	0	3	3	0	0	0	0	0	0	3	0	0	0	0
19-JUL-21	07-19-21	IDLVC	IDLVC	IDLVC	60	0	7345.01	0		122.416833	0	38	0	84	0	17	0	43	0	0	28.3333333	77.9220779	0	3	3	0	0	0	0	0	0	3	0	0	0	0
19-JUL-21	07-19-21	IDLWG	IDLWG	IDLWG	60	0	7345.01	0		122.416833	0	38	0	84	0	17	0	43	0	0	28.3333333	77.9220779	0	3	3	0	0	0	0	0	0	3	0	0	0	0
19-JUL-21	07-19-21	IDLWV	IDLWV	IDLWV	60	0	7345.01	0		122.416833	0	38	0	84	0	17	0	43	0	0	28.3333333	77.9220779	0	3	3	0	0	0	0	0	0	3	0	0	0	0
19-JUL-21	07-19-21	IDMCP	IDMCP	IDMCP	60	0	7345.01	0		122.416833	0	38	0	84	0	17	0	43	0	0	28.3333333	77.9220779	0	3	3	0	0	0	0	0	0	3	0	0	0	0
19-JUL-21	07-19-21	IDME0	IDME0	IDME0	60	3	7345.01	510.15		122.416833	170.05	38	3	84	6	17	3	43	0	100	28.3333333	77.9220779	3.89610390	3	3	3	3	6	0	3	510.15	3	3	170.05	3.89610390	100
19-JUL-21	07-19-21	IDME2	IDME2	IDME2	60	1	7345.01	190.67		122.416833	190.67	38	0	84	1	17	0	43	1	0	28.3333333	77.9220779	1.29870130	3	3	1	0	1	1	0	190.67	3	1	190.67	1.29870130	0
19-JUL-21	07-19-21	IDMEF	IDMEF	IDMEF	60	0	7345.01	0		122.416833	0	38	0	84	0	17	0	43	0	0	28.3333333	77.9220779	0	3	3	0	0	0	0	0	0	3	0	0	0	0
19-JUL-21	07-19-21	IDMES	IDMES	IDMES	60	0	7345.01	0		122.416833	0	38	0	84	0	17	0	43	0	0	28.3333333	77.9220779	0	3	3	0	0	0	0	0	0	3	0	0	0	0
19-JUL-21	07-19-21	IDOTH	IDOTH	IDOTH	60	0	7345.01	0		122.416833	0	38	0	84	0	17	0	43	0	0	28.3333333	77.9220779	0	3	3	0	0	0	0	0	0	3	0	0	0	0
19-JUL-21	07-19-21	IDOTHMGR	IDOTHMGR	IDOTHMGR	60	4	7345.01	439.05		122.416833	109.7625	38	0	84	5	17	1	43	3	25	28.3333333	77.9220779	5.19480519	3	3	4	0	5	3	1	439.05	3	4	109.7625	5.19480519	25
19-JUL-21	07-19-21	IDOTHWAL	IDOTHWAL	IDOTHWAL	60	0	7345.01	0		122.416833	0	38	0	84	0	17	0	43	0	0	28.3333333	77.9220779	0	3	3	0	0	0	0	0	0	3	0	0	0	0
19-JUL-21	07-19-21	IDP0A	IDP0A	IDP0A	60	0	7345.01	0		122.416833	0	38	0	84	0	17	0	43	0	0	28.3333333	77.9220779	0	3	3	0	0	0	0	0	0	3	0	0	0	0
19-JUL-21	07-19-21	IDP0B	IDP0B	IDP0B	60	0	7345.01	0		122.416833	0	38	0	84	0	17	0	43	0	0	28.3333333	77.9220779	0	3	3	0	0	0	0	0	0	3	0	0	0	0
19-JUL-21	07-19-21	IDP0C	IDP0C	IDP0C	60	0	7345.01	0		122.416833	0	38	0	84	0	17	0	43	0	0	28.3333333	77.9220779	0	3	3	0	0	0	0	0	0	3	0	0	0	0
19-JUL-21	07-19-21	IDP0D	IDP0D	IDP0D	60	0	7345.01	0		122.416833	0	38	0	84	0	17	0	43	0	0	28.3333333	77.9220779	0	3	3	0	0	0	0	0	0	3	0	0	0	0
19-JUL-21	07-19-21	IDP10	IDP10	IDP10	60	0	7345.01	0		122.416833	0	38	0	84	0	17	0	43	0	0	28.3333333	77.9220779	0	3	3	0	0	0	0	0	0	3	0	0	0	0
19-JUL-21	07-19-21	IDPA2	IDPA2	IDPA2	60	0	7345.01	0		122.416833	0	38	0	84	0	17	0	43	0	0	28.3333333	77.9220779	0	3	3	0	0	0	0	0	0	3	0	0	0	0
19-JUL-21	07-19-21	IDPAI	IDPAI	IDPAI	60	0	7345.01	0		122.416833	0	38	0	84	0	17	0	43	0	0	28.3333333	77.9220779	0	3	3	0	0	0	0	0	0	3	0	0	0	0
19-JUL-21	07-19-21	IDPB2	IDPB2	IDPB2	60	0	7345.01	0		122.416833	0	38	0	84	0	17	0	43	0	0	28.3333333	77.9220779	0	3	3	0	0	0	0	0	0	3	0	0	0	0
19-JUL-21	07-19-21	IDPBI	IDPBI	IDPBI	60	0	7345.01	0		122.416833	0	38	0	84	0	17	0	43	0	0	28.3333333	77.9220779	0	3	3	0	0	0	0	0	0	3	0	0	0	0
19-JUL-21	07-19-21	IDSLS	IDSLS	IDSLS	60	0	7345.01	0		122.416833	0	38	0	84	0	17	0	43	0	0	28.3333333	77.9220779	0	3	3	0	0	0	0	0	0	3	0	0	0	0
19-JUL-21	07-19-21	IDU00	IDU00	IDU00	60	0	7345.01	0		122.416833	0	38	0	84	0	17	0	43	0	0	28.3333333	77.9220779	0	3	3	0	0	0	0	0	0	3	0	0	0	0
19-JUL-21	07-19-21	IDU0G	IDU0G	IDU0G	60	0	7345.01	0		122.416833	0	38	0	84	0	17	0	43	0	0	28.3333333	77.9220779	0	3	3	0	0	0	0	0	0	3	0	0	0	0
19-JUL-21	07-19-21	IDU10	IDU10	IDU10	60	0	7345.01	0		122.416833	0	38	0	84	0	17	0	43	0	0	28.3333333	77.9220779	0	3	3	0	0	0	0	0	0	3	0	0	0	0
19-JUL-21	07-19-21	IDU12	IDU12	IDU12	60	0	7345.01	0		122.416833	0	38	0	84	0	17	0	43	0	0	28.3333333	77.9220779	0	3	3	0	0	0	0	0	0	3	0	0	0	0
19-JUL-21	07-19-21	IDU14	IDU14	IDU14	60	0	7345.01	0		122.416833	0	38	0	84	0	17	0	43	0	0	28.3333333	77.9220779	0	3	3	0	0	0	0	0	0	3	0	0	0	0
19-JUL-21	07-19-21	IDU15	IDU15	IDU15	60	0	7345.01	0		122.416833	0	38	0	84	0	17	0	43	0	0	28.3333333	77.9220779	0	3	3	0	0	0	0	0	0	3	0	0	0	0
19-JUL-21	07-19-21	IDU20	IDU20	IDU20	60	0	7345.01	0		122.416833	0	38	0	84	0	17	0	43	0	0	28.3333333	77.9220779	0	3	3	0	0	0	0	0	0	3	0	0	0	0
19-JUL-21	07-19-21	IDU25	IDU25	IDU25	60	2	7345.01	245		122.416833	122.5	38	2	84	8	17	2	43	0	100	28.3333333	77.9220779	2.59740260	3	3	2	2	8	0	2	245	3	2	122.5	2.59740260	100
19-JUL-21	07-19-21	IDUCC	IDUCC	IDUCC	60	0	7345.01	0		122.416833	0	38	0	84	0	17	0	43	0	0	28.3333333	77.9220779	0	3	3	0	0	0	0	0	0	3	0	0	0	0
19-JUL-21	07-19-21	IDUCP	IDUCP	IDUCP	60	0	7345.01	0		122.416833	0	38	0	84	0	17	0	43	0	0	28.3333333	77.9220779	0	3	3	0	0	0	0	0	0	3	0	0	0	0
19-JUL-21	07-19-21	IDUGP	IDUGP	IDUGP	60	0	7345.01	0		122.416833	0	38	0	84	0	17	0	43	0	0	28.3333333	77.9220779	0	3	3	0	0	0	0	0	0	3	0	0	0	0
19-JUL-21	07-19-21	IDUIB	IDUIB	IDUIB	60	0	7345.01	0		122.416833	0	38	0	84	0	17	0	43	0	0	28.3333333	77.9220779	0	3	3	0	0	0	0	0	0	3	0	0	0	0
19-JUL-21	07-19-21	IDUNP	IDUNP	IDUNP	60	0	7345.01	0		122.416833	0	38	0	84	0	17	0	43	0	0	28.3333333	77.9220779	0	3	3	0	0	0	0	0	0	3	0	0	0	0
19-JUL-21	07-19-21	IDUVC	IDUVC	IDUVC	60	0	7345.01	0		122.416833	0	38	0	84	0	17	0	43	0	0	28.3333333	77.9220779	0	3	3	0	0	0	0	0	0	3	0	0	0	0
19-JUL-21	07-19-21	IDUWG	IDUWG	IDUWG	60	0	7345.01	0		122.416833	0	38	0	84	0	17	0	43	0	0	28.3333333	77.9220779	0	3	3	0	0	0	0	0	0	3	0	0	0	0
19-JUL-21	07-19-21	IDUWV	IDUWV	IDUWV	60	0	7345.01	0		122.416833	0	38	0	84	0	17	0	43	0	0	28.3333333	77.9220779	0	3	3	0	0	0	0	0	0	3	0	0	0	0
19-JUL-21	07-19-21	IE2IV	IE2IV	IE2IV	60	0	7345.01	0		122.416833	0	38	0	84	0	17	0	43	0	0	28.3333333	77.9220779	0	3	3	0	0	0	0	0	0	3	0	0	0	0
19-JUL-21	07-19-21	IE7HP	IE7HP	IE7HP	60	0	7345.01	0		122.416833	0	38	0	84	0	17	0	43	0	0	28.3333333	77.9220779	0	3	3	0	0	0	0	0	0	3	0	0	0	0
19-JUL-21	07-19-21	IEARX	IEARX	IEARX	60	0	7345.01	0		122.416833	0	38	0	84	0	17	0	43	0	0	28.3333333	77.9220779	0	3	3	0	0	0	0	0	0	3	0	0	0	0
19-JUL-21	07-19-21	IEOU7	IEOU7	IEOU7	60	0	7345.01	0		122.416833	0	38	0	84	0	17	0	43	0	0	28.3333333	77.9220779	0	3	3	0	0	0	0	0	0	3	0	0	0	0
19-JUL-21	07-19-21	IGCOR	IGCOR	IGCOR	60	5	7345.01	865		122.416833	173	38	4	84	10	17	3	43	2	60	28.3333333	77.9220779	6.49350649	3	3	5	4	10	2	3	865	3	5	173	6.49350649	60
19-JUL-21	07-19-21	IGN1R	IGN1R	IGN1R	60	0	7345.01	0		122.416833	0	38	0	84	0	17	0	43	0	0	28.3333333	77.9220779	0	3	3	0	0	0	0	0	0	3	0	0	0	0
19-JUL-21	07-19-21	IGN2R	IGN2R	IGN2R	60	0	7345.01	0		122.416833	0	38	0	84	0	17	0	43	0	0	28.3333333	77.9220779	0	3	3	0	0	0	0	0	0	3	0	0	0	0
19-JUL-21	07-19-21	IGN3R	IGN3R	IGN3R	60	1	7345.01	175.44		122.416833	175.44	38	1	84	2	17	1	43	0	100	28.3333333	77.9220779	1.29870130	3	3	1	1	2	0	1	175.44	3	1	175.44	1.29870130	100
19-JUL-21	07-19-21	IGN4R	IGN4R	IGN4R	60	0	7345.01	0		122.416833	0	38	0	84	0	17	0	43	0	0	28.3333333	77.9220779	0	3	3	0	0	0	0	0	0	3	0	0	0	0
19-JUL-21	07-19-21	IGN5R	IGN5R	IGN5R	60	0	7345.01	0		122.416833	0	38	0	84	0	17	0	43	0	0	28.3333333	77.9220779	0	3	3	0	0	0	0	0	0	3	0	0	0	0
19-JUL-21	07-19-21	IGN6R	IGN6R	IGN6R	60	3	7345.01	457.6		122.416833	152.533333	38	2	84	3	17	0	43	3	0	28.3333333	77.9220779	3.89610390	3	3	3	2	3	3	0	457.6	3	3	152.5333333333333333333333333333333333	3.89610390	0
19-JUL-21	07-19-21	IGN8K	IGN8K	IGN8K	60	0	7345.01	0		122.416833	0	38	0	84	0	17	0	43	0	0	28.3333333	77.9220779	0	3	3	0	0	0	0	0	0	3	0	0	0	0
19-JUL-21	07-19-21	IGNP1	IGNP1	IGNP1	60	0	7345.01	0		122.416833	0	38	0	84	0	17	0	43	0	0	28.3333333	77.9220779	0	3	3	0	0	0	0	0	0	3	0	0	0	0
19-JUL-21	07-19-21	IGNSC	IGNSC	IGNSC	60	0	7345.01	0		122.416833	0	38	0	84	0	17	0	43	0	0	28.3333333	77.9220779	0	3	3	0	0	0	0	0	0	3	0	0	0	0
19-JUL-21	07-19-21	IGNSD	IGNSD	IGNSD	60	0	7345.01	0		122.416833	0	38	0	84	0	17	0	43	0	0	28.3333333	77.9220779	0	3	3	0	0	0	0	0	0	3	0	0	0	0
19-JUL-21	07-19-21	IGNSE	IGNSE	IGNSE	60	0	7345.01	0		122.416833	0	38	0	84	0	17	0	43	0	0	28.3333333	77.9220779	0	3	3	0	0	0	0	0	0	3	0	0	0	0
19-JUL-21	07-19-21	IGNSF	IGNSF	IGNSF	60	0	7345.01	0		122.416833	0	38	0	84	0	17	0	43	0	0	28.3333333	77.9220779	0	3	3	0	0	0	0	0	0	3	0	0	0	0
19-JUL-21	07-19-21	IGNSL	IGNSL	IGNSL	60	0	7345.01	0		122.416833	0	38	0	84	0	17	0	43	0	0	28.3333333	77.9220779	0	3	3	0	0	0	0	0	0	3	0	0	0	0
19-JUL-21	07-19-21	IGTMC	IGTMC	IGTMC	60	0	7345.01	0		122.416833	0	38	0	84	0	17	0	43	0	0	28.3333333	77.9220779	0	3	3	0	0	0	0	0	0	3	0	0	0	0
19-JUL-21	07-19-21	IK2KP	IK2KP	IK2KP	60	0	7345.01	0		122.416833	0	38	0	84	0	17	0	43	0	0	28.3333333	77.9220779	0	3	3	0	0	0	0	0	0	3	0	0	0	0
19-JUL-21	07-19-21	IK3KP	IK3KP	IK3KP	60	0	7345.01	0		122.416833	0	38	0	84	0	17	0	43	0	0	28.3333333	77.9220779	0	3	3	0	0	0	0	0	0	3	0	0	0	0
19-JUL-21	07-19-21	IK5KP	IK5KP	IK5KP	60	0	7345.01	0		122.416833	0	38	0	84	0	17	0	43	0	0	28.3333333	77.9220779	0	3	3	0	0	0	0	0	0	3	0	0	0	0
19-JUL-21	07-19-21	IKBPA	IKBPA	IKBPA	60	0	7345.01	0		122.416833	0	38	0	84	0	17	0	43	0	0	28.3333333	77.9220779	0	3	3	0	0	0	0	0	0	3	0	0	0	0
19-JUL-21	07-19-21	IKBPC	IKBPC	IKBPC	60	0	7345.01	0		122.416833	0	38	0	84	0	17	0	43	0	0	28.3333333	77.9220779	0	3	3	0	0	0	0	0	0	3	0	0	0	0
19-JUL-21	07-19-21	IKBPD	IKBPD	IKBPD	60	0	7345.01	0		122.416833	0	38	0	84	0	17	0	43	0	0	28.3333333	77.9220779	0	3	3	0	0	0	0	0	0	3	0	0	0	0
19-JUL-21	07-19-21	IKBPE	IKBPE	IKBPE	60	0	7345.01	0		122.416833	0	38	0	84	0	17	0	43	0	0	28.3333333	77.9220779	0	3	3	0	0	0	0	0	0	3	0	0	0	0
19-JUL-21	07-19-21	IKBPF	IKBPF	IKBPF	60	0	7345.01	0		122.416833	0	38	0	84	0	17	0	43	0	0	28.3333333	77.9220779	0	3	3	0	0	0	0	0	0	3	0	0	0	0
19-JUL-21	07-19-21	IKBPG	IKBPG	IKBPG	60	0	7345.01	0		122.416833	0	38	0	84	0	17	0	43	0	0	28.3333333	77.9220779	0	3	3	0	0	0	0	0	0	3	0	0	0	0
19-JUL-21	07-19-21	IKBPH	IKBPH	IKBPH	60	0	7345.01	0		122.416833	0	38	0	84	0	17	0	43	0	0	28.3333333	77.9220779	0	3	3	0	0	0	0	0	0	3	0	0	0	0
19-JUL-21	07-19-21	IKBPM	IKBPM	IKBPM	60	0	7345.01	0		122.416833	0	38	0	84	0	17	0	43	0	0	28.3333333	77.9220779	0	3	3	0	0	0	0	0	0	3	0	0	0	0
19-JUL-21	07-19-21	IKBPS	IKBPS	IKBPS	60	0	7345.01	0		122.416833	0	38	0	84	0	17	0	43	0	0	28.3333333	77.9220779	0	3	3	0	0	0	0	0	0	3	0	0	0	0
19-JUL-21	07-19-21	IKHB2	IKHB2	IKHB2	60	2	7345.01	378		122.416833	189	38	2	84	2	17	0	43	2	0	28.3333333	77.9220779	2.59740260	3	3	2	2	2	2	0	378	3	2	189	2.59740260	0
19-JUL-21	07-19-21	IKMA1	IKMA1	IKMA1	60	0	7345.01	0		122.416833	0	38	0	84	0	17	0	43	0	0	28.3333333	77.9220779	0	3	3	0	0	0	0	0	0	3	0	0	0	0
19-JUL-21	07-19-21	IKME3	IKME3	IKME3	60	0	7345.01	0		122.416833	0	38	0	84	0	17	0	43	0	0	28.3333333	77.9220779	0	3	3	0	0	0	0	0	0	3	0	0	0	0
19-JUL-21	07-19-21	IKME6	IKME6	IKME6	60	0	7345.01	0		122.416833	0	38	0	84	0	17	0	43	0	0	28.3333333	77.9220779	0	3	3	0	0	0	0	0	0	3	0	0	0	0
19-JUL-21	07-19-21	IKME8	IKME8	IKME8	60	1	7345.01	179.55		122.416833	179.55	38	1	84	1	17	0	43	1	0	28.3333333	77.9220779	1.29870130	3	3	1	1	1	1	0	179.55	3	1	179.55	1.29870130	0
19-JUL-21	07-19-21	IKPCM	IKPCM	IKPCM	60	0	7345.01	0		122.416833	0	38	0	84	0	17	0	43	0	0	28.3333333	77.9220779	0	3	3	0	0	0	0	0	0	3	0	0	0	0
19-JUL-21	07-19-21	IKPT5	IKPT5	IKPT5	60	0	7345.01	0		122.416833	0	38	0	84	0	17	0	43	0	0	28.3333333	77.9220779	0	3	3	0	0	0	0	0	0	3	0	0	0	0
19-JUL-21	07-19-21	IL0NI	IL0NI	IL0NI	60	0	7345.01	0		122.416833	0	38	0	84	0	17	0	43	0	0	28.3333333	77.9220779	0	3	3	0	0	0	0	0	0	3	0	0	0	0
19-JUL-21	07-19-21	IL0XK	IL0XK	IL0XK	60	0	7345.01	0		122.416833	0	38	0	84	0	17	0	43	0	0	28.3333333	77.9220779	0	3	3	0	0	0	0	0	0	3	0	0	0	0
19-JUL-21	07-19-21	IL12K	IL12K	IL12K	60	0	7345.01	0		122.416833	0	38	0	84	0	17	0	43	0	0	28.3333333	77.9220779	0	3	3	0	0	0	0	0	0	3	0	0	0	0
19-JUL-21	07-19-21	IL2HC	IL2HC	IL2HC	60	0	7345.01	0		122.416833	0	38	0	84	0	17	0	43	0	0	28.3333333	77.9220779	0	3	3	0	0	0	0	0	0	3	0	0	0	0
19-JUL-21	07-19-21	IL34K	IL34K	IL34K	60	0	7345.01	0		122.416833	0	38	0	84	0	17	0	43	0	0	28.3333333	77.9220779	0	3	3	0	0	0	0	0	0	3	0	0	0	0
19-JUL-21	07-19-21	IL3VA	IL3VA	IL3VA	60	0	7345.01	0		122.416833	0	38	0	84	0	17	0	43	0	0	28.3333333	77.9220779	0	3	3	0	0	0	0	0	0	3	0	0	0	0
19-JUL-21	07-19-21	IL404	IL404	IL404	60	0	7345.01	0		122.416833	0	38	0	84	0	17	0	43	0	0	28.3333333	77.9220779	0	3	3	0	0	0	0	0	0	3	0	0	0	0
19-JUL-21	07-19-21	IL48T	IL48T	IL48T	60	0	7345.01	0		122.416833	0	38	0	84	0	17	0	43	0	0	28.3333333	77.9220779	0	3	3	0	0	0	0	0	0	3	0	0	0	0
19-JUL-21	07-19-21	IL4DU	IL4DU	IL4DU	60	0	7345.01	0		122.416833	0	38	0	84	0	17	0	43	0	0	28.3333333	77.9220779	0	3	3	0	0	0	0	0	0	3	0	0	0	0
19-JUL-21	07-19-21	IL4XD	IL4XD	IL4XD	60	0	7345.01	0		122.416833	0	38	0	84	0	17	0	43	0	0	28.3333333	77.9220779	0	3	3	0	0	0	0	0	0	3	0	0	0	0
19-JUL-21	07-19-21	IL5FP	IL5FP	IL5FP	60	1	7345.01	86		122.416833	86	38	1	84	1	17	0	43	1	0	28.3333333	77.9220779	1.29870130	3	3	1	1	1	1	0	86	3	1	86	1.29870130	0
19-JUL-21	07-19-21	IL642	IL642	IL642	60	0	7345.01	0		122.416833	0	38	0	84	0	17	0	43	0	0	28.3333333	77.9220779	0	3	3	0	0	0	0	0	0	3	0	0	0	0
19-JUL-21	07-19-21	IL7CZ	IL7CZ	IL7CZ	60	0	7345.01	0		122.416833	0	38	0	84	0	17	0	43	0	0	28.3333333	77.9220779	0	3	3	0	0	0	0	0	0	3	0	0	0	0
19-JUL-21	07-19-21	IL7F4	IL7F4	IL7F4	60	0	7345.01	0		122.416833	0	38	0	84	0	17	0	43	0	0	28.3333333	77.9220779	0	3	3	0	0	0	0	0	0	3	0	0	0	0
19-JUL-21	07-19-21	IL7F5	IL7F5	IL7F5	60	0	7345.01	0		122.416833	0	38	0	84	0	17	0	43	0	0	28.3333333	77.9220779	0	3	3	0	0	0	0	0	0	3	0	0	0	0
19-JUL-21	07-19-21	IL7X4	IL7X4	IL7X4	60	12	7345.01	1032		122.416833	86	38	8	84	12	17	0	43	12	0	28.3333333	77.9220779	15.5844156	3	3	12	8	12	12	0	1032	3	12	86	15.5844156	0
19-JUL-21	07-19-21	IL7YF	IL7YF	IL7YF	60	0	7345.01	0		122.416833	0	38	0	84	0	17	0	43	0	0	28.3333333	77.9220779	0	3	3	0	0	0	0	0	0	3	0	0	0	0
19-JUL-21	07-19-21	IL8QU	IL8QU	IL8QU	60	0	7345.01	0		122.416833	0	38	0	84	0	17	0	43	0	0	28.3333333	77.9220779	0	3	3	0	0	0	0	0	0	3	0	0	0	0
19-JUL-21	07-19-21	IL8UF	IL8UF	IL8UF	60	0	7345.01	0		122.416833	0	38	0	84	0	17	0	43	0	0	28.3333333	77.9220779	0	3	3	0	0	0	0	0	0	3	0	0	0	0
19-JUL-21	07-19-21	IL8VA	IL8VA	IL8VA	60	0	7345.01	0		122.416833	0	38	0	84	0	17	0	43	0	0	28.3333333	77.9220779	0	3	3	0	0	0	0	0	0	3	0	0	0	0
19-JUL-21	07-19-21	IL8VE	IL8VE	IL8VE	60	0	7345.01	0		122.416833	0	38	0	84	0	17	0	43	0	0	28.3333333	77.9220779	0	3	3	0	0	0	0	0	0	3	0	0	0	0
19-JUL-21	07-19-21	ILATP	ILATP	ILATP	60	0	7345.01	0		122.416833	0	38	0	84	0	17	0	43	0	0	28.3333333	77.9220779	0	3	3	0	0	0	0	0	0	3	0	0	0	0
19-JUL-21	07-19-21	ILB84	ILB84	ILB84	60	0	7345.01	0		122.416833	0	38	0	84	0	17	0	43	0	0	28.3333333	77.9220779	0	3	3	0	0	0	0	0	0	3	0	0	0	0
19-JUL-21	07-19-21	ILBB8	ILBB8	ILBB8	60	0	7345.01	0		122.416833	0	38	0	84	0	17	0	43	0	0	28.3333333	77.9220779	0	3	3	0	0	0	0	0	0	3	0	0	0	0
19-JUL-21	07-19-21	ILBR8	ILBR8	ILBR8	60	0	7345.01	0		122.416833	0	38	0	84	0	17	0	43	0	0	28.3333333	77.9220779	0	3	3	0	0	0	0	0	0	3	0	0	0	0
19-JUL-21	07-19-21	ILCOR	ILCOR	ILCOR	60	0	7345.01	0		122.416833	0	38	0	84	0	17	0	43	0	0	28.3333333	77.9220779	0	3	3	0	0	0	0	0	0	3	0	0	0	0
19-JUL-21	07-19-21	ILCRK	ILCRK	ILCRK	60	0	7345.01	0		122.416833	0	38	0	84	0	17	0	43	0	0	28.3333333	77.9220779	0	3	3	0	0	0	0	0	0	3	0	0	0	0
19-JUL-21	07-19-21	ILD3V	ILD3V	ILD3V	60	0	7345.01	0		122.416833	0	38	0	84	0	17	0	43	0	0	28.3333333	77.9220779	0	3	3	0	0	0	0	0	0	3	0	0	0	0
19-JUL-21	07-19-21	ILDM8	ILDM8	ILDM8	60	0	7345.01	0		122.416833	0	38	0	84	0	17	0	43	0	0	28.3333333	77.9220779	0	3	3	0	0	0	0	0	0	3	0	0	0	0
19-JUL-21	07-19-21	ILETM	ILETM	ILETM	60	0	7345.01	0		122.416833	0	38	0	84	0	17	0	43	0	0	28.3333333	77.9220779	0	3	3	0	0	0	0	0	0	3	0	0	0	0
19-JUL-21	07-19-21	ILFE2	ILFE2	ILFE2	60	0	7345.01	0		122.416833	0	38	0	84	0	17	0	43	0	0	28.3333333	77.9220779	0	3	3	0	0	0	0	0	0	3	0	0	0	0
19-JUL-21	07-19-21	ILHJO	ILHJO	ILHJO	60	0	7345.01	0		122.416833	0	38	0	84	0	17	0	43	0	0	28.3333333	77.9220779	0	3	3	0	0	0	0	0	0	3	0	0	0	0
19-JUL-21	07-19-21	ILHOM	ILHOM	ILHOM	60	0	7345.01	0		122.416833	0	38	0	84	0	17	0	43	0	0	28.3333333	77.9220779	0	3	3	0	0	0	0	0	0	3	0	0	0	0
19-JUL-21	07-19-21	ILKEW	ILKEW	ILKEW	60	0	7345.01	0		122.416833	0	38	0	84	0	17	0	43	0	0	28.3333333	77.9220779	0	3	3	0	0	0	0	0	0	3	0	0	0	0
19-JUL-21	07-19-21	ILM63	ILM63	ILM63	60	0	7345.01	0		122.416833	0	38	0	84	0	17	0	43	0	0	28.3333333	77.9220779	0	3	3	0	0	0	0	0	0	3	0	0	0	0
19-JUL-21	07-19-21	ILNEG	ILNEG	ILNEG	60	0	7345.01	0		122.416833	0	38	0	84	0	17	0	43	0	0	28.3333333	77.9220779	0	3	3	0	0	0	0	0	0	3	0	0	0	0
19-JUL-21	07-19-21	ILNEW	ILNEW	ILNEW	60	0	7345.01	0		122.416833	0	38	0	84	0	17	0	43	0	0	28.3333333	77.9220779	0	3	3	0	0	0	0	0	0	3	0	0	0	0
19-JUL-21	07-19-21	ILOP0	ILOP0	ILOP0	60	0	7345.01	0		122.416833	0	38	0	84	0	17	0	43	0	0	28.3333333	77.9220779	0	3	3	0	0	0	0	0	0	3	0	0	0	0
19-JUL-21	07-19-21	ILP12	ILP12	ILP12	60	0	7345.01	0		122.416833	0	38	0	84	0	17	0	43	0	0	28.3333333	77.9220779	0	3	3	0	0	0	0	0	0	3	0	0	0	0
19-JUL-21	07-19-21	ILR2V	ILR2V	ILR2V	60	0	7345.01	0		122.416833	0	38	0	84	0	17	0	43	0	0	28.3333333	77.9220779	0	3	3	0	0	0	0	0	0	3	0	0	0	0
19-JUL-21	07-19-21	ILRJ2	ILRJ2	ILRJ2	60	0	7345.01	0		122.416833	0	38	0	84	0	17	0	43	0	0	28.3333333	77.9220779	0	3	3	0	0	0	0	0	0	3	0	0	0	0
19-JUL-21	07-19-21	ILRW2	ILRW2	ILRW2	60	0	7345.01	0		122.416833	0	38	0	84	0	17	0	43	0	0	28.3333333	77.9220779	0	3	3	0	0	0	0	0	0	3	0	0	0	0
19-JUL-21	07-19-21	ILSHT	ILSHT	ILSHT	60	0	7345.01	0		122.416833	0	38	0	84	0	17	0	43	0	0	28.3333333	77.9220779	0	3	3	0	0	0	0	0	0	3	0	0	0	0
19-JUL-21	07-19-21	ILSNY	ILSNY	ILSNY	60	0	7345.01	0		122.416833	0	38	0	84	0	17	0	43	0	0	28.3333333	77.9220779	0	3	3	0	0	0	0	0	0	3	0	0	0	0
19-JUL-21	07-19-21	ILSRI	ILSRI	ILSRI	60	1	7345.01	161.1		122.416833	161.1	38	0	84	1	17	0	43	1	0	28.3333333	77.9220779	1.29870130	3	3	1	0	1	1	0	161.1	3	1	161.1	1.29870130	0
19-JUL-21	07-19-21	ILTN2	ILTN2	ILTN2	60	0	7345.01	0		122.416833	0	38	0	84	0	17	0	43	0	0	28.3333333	77.9220779	0	3	3	0	0	0	0	0	0	3	0	0	0	0
19-JUL-21	07-19-21	ILUUO	ILUUO	ILUUO	60	0	7345.01	0		122.416833	0	38	0	84	0	17	0	43	0	0	28.3333333	77.9220779	0	3	3	0	0	0	0	0	0	3	0	0	0	0
19-JUL-21	07-19-21	ILWMZ	ILWMZ	ILWMZ	60	0	7345.01	0		122.416833	0	38	0	84	0	17	0	43	0	0	28.3333333	77.9220779	0	3	3	0	0	0	0	0	0	3	0	0	0	0
19-JUL-21	07-19-21	ILWNI	ILWNI	ILWNI	60	0	7345.01	0		122.416833	0	38	0	84	0	17	0	43	0	0	28.3333333	77.9220779	0	3	3	0	0	0	0	0	0	3	0	0	0	0
19-JUL-21	07-19-21	ILWPO	ILWPO	ILWPO	60	0	7345.01	0		122.416833	0	38	0	84	0	17	0	43	0	0	28.3333333	77.9220779	0	3	3	0	0	0	0	0	0	3	0	0	0	0
19-JUL-21	07-19-21	ILXLY	ILXLY	ILXLY	60	0	7345.01	0		122.416833	0	38	0	84	0	17	0	43	0	0	28.3333333	77.9220779	0	3	3	0	0	0	0	0	0	3	0	0	0	0
19-JUL-21	07-19-21	ILXM6	ILXM6	ILXM6	60	0	7345.01	0		122.416833	0	38	0	84	0	17	0	43	0	0	28.3333333	77.9220779	0	3	3	0	0	0	0	0	0	3	0	0	0	0
19-JUL-21	07-19-21	ILYDT	ILYDT	ILYDT	60	0	7345.01	0		122.416833	0	38	0	84	0	17	0	43	0	0	28.3333333	77.9220779	0	3	3	0	0	0	0	0	0	3	0	0	0	0
19-JUL-21	07-19-21	ILYE6	ILYE6	ILYE6	60	0	7345.01	0		122.416833	0	38	0	84	0	17	0	43	0	0	28.3333333	77.9220779	0	3	3	0	0	0	0	0	0	3	0	0	0	0
19-JUL-21	07-19-21	ILZNV	ILZNV	ILZNV	60	0	7345.01	0		122.416833	0	38	0	84	0	17	0	43	0	0	28.3333333	77.9220779	0	3	3	0	0	0	0	0	0	3	0	0	0	0
19-JUL-21	07-19-21	IMGOV	IMGOV	IMGOV	60	9	7345.01	864		122.416833	96	38	5	84	9	17	0	43	9	0	28.3333333	77.9220779	11.6883117	3	3	9	5	9	9	0	864	3	9	96	11.6883117	0
19-JUL-21	07-19-21	IMMLR	IMMLR	IMMLR	60	1	7345.01	160.55		122.416833	160.55	38	0	84	3	17	1	43	0	100	28.3333333	77.9220779	1.29870130	3	3	1	0	3	0	1	160.55	3	1	160.55	1.29870130	100
19-JUL-21	07-19-21	IMSTI	IMSTI	IMSTI	60	0	7345.01	0		122.416833	0	38	0	84	0	17	0	43	0	0	28.3333333	77.9220779	0	3	3	0	0	0	0	0	0	3	0	0	0	0
19-JUL-21	07-19-21	INCMP	INCMP	INCMP	60	0	7345.01	0		122.416833	0	38	0	84	0	17	0	43	0	0	28.3333333	77.9220779	0	3	3	0	0	0	0	0	0	3	0	0	0	0
19-JUL-21	07-19-21	INIOA	INIOA	INIOA	60	0	7345.01	0		122.416833	0	38	0	84	0	17	0	43	0	0	28.3333333	77.9220779	0	3	3	0	0	0	0	0	0	3	0	0	0	0
19-JUL-21	07-19-21	IP2M2	IP2M2	IP2M2	60	0	7345.01	0		122.416833	0	38	0	84	0	17	0	43	0	0	28.3333333	77.9220779	0	3	3	0	0	0	0	0	0	3	0	0	0	0
19-JUL-21	07-19-21	IP2X4	IP2X4	IP2X4	60	0	7345.01	0		122.416833	0	38	0	84	0	17	0	43	0	0	28.3333333	77.9220779	0	3	3	0	0	0	0	0	0	3	0	0	0	0
19-JUL-21	07-19-21	IP4AE	IP4AE	IP4AE	60	0	7345.01	0		122.416833	0	38	0	84	0	17	0	43	0	0	28.3333333	77.9220779	0	3	3	0	0	0	0	0	0	3	0	0	0	0
19-JUL-21	07-19-21	IP4LW	IP4LW	IP4LW	60	0	7345.01	0		122.416833	0	38	0	84	0	17	0	43	0	0	28.3333333	77.9220779	0	3	3	0	0	0	0	0	0	3	0	0	0	0
19-JUL-21	07-19-21	IP7FY	IP7FY	IP7FY	60	0	7345.01	0		122.416833	0	38	0	84	0	17	0	43	0	0	28.3333333	77.9220779	0	3	3	0	0	0	0	0	0	3	0	0	0	0
19-JUL-21	07-19-21	IP7G4	IP7G4	IP7G4	60	0	7345.01	0		122.416833	0	38	0	84	0	17	0	43	0	0	28.3333333	77.9220779	0	3	3	0	0	0	0	0	0	3	0	0	0	0
19-JUL-21	07-19-21	IPABC	IPABC	IPABC	60	0	7345.01	0		122.416833	0	38	0	84	0	17	0	43	0	0	28.3333333	77.9220779	0	3	3	0	0	0	0	0	0	3	0	0	0	0
19-JUL-21	07-19-21	IPABD	IPABD	IPABD	60	0	7345.01	0		122.416833	0	38	0	84	0	17	0	43	0	0	28.3333333	77.9220779	0	3	3	0	0	0	0	0	0	3	0	0	0	0
19-JUL-21	07-19-21	IPAG2	IPAG2	IPAG2	60	0	7345.01	0		122.416833	0	38	0	84	0	17	0	43	0	0	28.3333333	77.9220779	0	3	3	0	0	0	0	0	0	3	0	0	0	0
19-JUL-21	07-19-21	IPAGT	IPAGT	IPAGT	60	0	7345.01	0		122.416833	0	38	0	84	0	17	0	43	0	0	28.3333333	77.9220779	0	3	3	0	0	0	0	0	0	3	0	0	0	0
19-JUL-21	07-19-21	IPAK1	IPAK1	IPAK1	60	0	7345.01	0		122.416833	0	38	0	84	0	17	0	43	0	0	28.3333333	77.9220779	0	3	3	0	0	0	0	0	0	3	0	0	0	0
19-JUL-21	07-19-21	IPAPC	IPAPC	IPAPC	60	0	7345.01	0		122.416833	0	38	0	84	0	17	0	43	0	0	28.3333333	77.9220779	0	3	3	0	0	0	0	0	0	3	0	0	0	0
19-JUL-21	07-19-21	IPBCD	IPBCD	IPBCD	60	0	7345.01	0		122.416833	0	38	0	84	0	17	0	43	0	0	28.3333333	77.9220779	0	3	3	0	0	0	0	0	0	3	0	0	0	0
19-JUL-21	07-19-21	IPBE4	IPBE4	IPBE4	60	0	7345.01	0		122.416833	0	38	0	84	0	17	0	43	0	0	28.3333333	77.9220779	0	3	3	0	0	0	0	0	0	3	0	0	0	0
19-JUL-21	07-19-21	IPBMC	IPBMC	IPBMC	60	0	7345.01	0		122.416833	0	38	0	84	0	17	0	43	0	0	28.3333333	77.9220779	0	3	3	0	0	0	0	0	0	3	0	0	0	0
19-JUL-21	07-19-21	IPBOC	IPBOC	IPBOC	60	0	7345.01	0		122.416833	0	38	0	84	0	17	0	43	0	0	28.3333333	77.9220779	0	3	3	0	0	0	0	0	0	3	0	0	0	0
19-JUL-21	07-19-21	IPBOE	IPBOE	IPBOE	60	0	7345.01	0		122.416833	0	38	0	84	0	17	0	43	0	0	28.3333333	77.9220779	0	3	3	0	0	0	0	0	0	3	0	0	0	0
19-JUL-21	07-19-21	IPBSI	IPBSI	IPBSI	60	0	7345.01	0		122.416833	0	38	0	84	0	17	0	43	0	0	28.3333333	77.9220779	0	3	3	0	0	0	0	0	0	3	0	0	0	0
19-JUL-21	07-19-21	IPBYN	IPBYN	IPBYN	60	0	7345.01	0		122.416833	0	38	0	84	0	17	0	43	0	0	28.3333333	77.9220779	0	3	3	0	0	0	0	0	0	3	0	0	0	0
19-JUL-21	07-19-21	IPCCR	IPCCR	IPCCR	60	0	7345.01	0		122.416833	0	38	0	84	0	17	0	43	0	0	28.3333333	77.9220779	0	3	3	0	0	0	0	0	0	3	0	0	0	0
19-JUL-21	07-19-21	IPCEJ	IPCEJ	IPCEJ	60	0	7345.01	0		122.416833	0	38	0	84	0	17	0	43	0	0	28.3333333	77.9220779	0	3	3	0	0	0	0	0	0	3	0	0	0	0
19-JUL-21	07-19-21	IPCTS	IPCTS	IPCTS	60	0	7345.01	0		122.416833	0	38	0	84	0	17	0	43	0	0	28.3333333	77.9220779	0	3	3	0	0	0	0	0	0	3	0	0	0	0
19-JUL-21	07-19-21	IPCWT	IPCWT	IPCWT	60	0	7345.01	0		122.416833	0	38	0	84	0	17	0	43	0	0	28.3333333	77.9220779	0	3	3	0	0	0	0	0	0	3	0	0	0	0
19-JUL-21	07-19-21	IPEMB	IPEMB	IPEMB	60	0	7345.01	0		122.416833	0	38	0	84	0	17	0	43	0	0	28.3333333	77.9220779	0	3	3	0	0	0	0	0	0	3	0	0	0	0
19-JUL-21	07-19-21	IPF90	IPF90	IPF90	60	0	7345.01	0		122.416833	0	38	0	84	0	17	0	43	0	0	28.3333333	77.9220779	0	3	3	0	0	0	0	0	0	3	0	0	0	0
19-JUL-21	07-19-21	IPFCI	IPFCI	IPFCI	60	0	7345.01	0		122.416833	0	38	0	84	0	17	0	43	0	0	28.3333333	77.9220779	0	3	3	0	0	0	0	0	0	3	0	0	0	0
19-JUL-21	07-19-21	IPHON	IPHON	IPHON	60	0	7345.01	0		122.416833	0	38	0	84	0	17	0	43	0	0	28.3333333	77.9220779	0	3	3	0	0	0	0	0	0	3	0	0	0	0
19-JUL-21	07-19-21	IPHRP	IPHRP	IPHRP	60	0	7345.01	0		122.416833	0	38	0	84	0	17	0	43	0	0	28.3333333	77.9220779	0	3	3	0	0	0	0	0	0	3	0	0	0	0
19-JUL-21	07-19-21	IPIZ0	IPIZ0	IPIZ0	60	0	7345.01	0		122.416833	0	38	0	84	0	17	0	43	0	0	28.3333333	77.9220779	0	3	3	0	0	0	0	0	0	3	0	0	0	0
19-JUL-21	07-19-21	IPJTB	IPJTB	IPJTB	60	0	7345.01	0		122.416833	0	38	0	84	0	17	0	43	0	0	28.3333333	77.9220779	0	3	3	0	0	0	0	0	0	3	0	0	0	0
19-JUL-21	07-19-21	IPKRO	IPKRO	IPKRO	60	0	7345.01	0		122.416833	0	38	0	84	0	17	0	43	0	0	28.3333333	77.9220779	0	3	3	0	0	0	0	0	0	3	0	0	0	0
19-JUL-21	07-19-21	IPLKM	IPLKM	IPLKM	60	0	7345.01	0		122.416833	0	38	0	84	0	17	0	43	0	0	28.3333333	77.9220779	0	3	3	0	0	0	0	0	0	3	0	0	0	0
19-JUL-21	07-19-21	IPLLC	IPLLC	IPLLC	60	0	7345.01	0		122.416833	0	38	0	84	0	17	0	43	0	0	28.3333333	77.9220779	0	3	3	0	0	0	0	0	0	3	0	0	0	0
19-JUL-21	07-19-21	IPLLL	IPLLL	IPLLL	60	0	7345.01	0		122.416833	0	38	0	84	0	17	0	43	0	0	28.3333333	77.9220779	0	3	3	0	0	0	0	0	0	3	0	0	0	0
19-JUL-21	07-19-21	IPM8X	IPM8X	IPM8X	60	0	7345.01	0		122.416833	0	38	0	84	0	17	0	43	0	0	28.3333333	77.9220779	0	3	3	0	0	0	0	0	0	3	0	0	0	0
19-JUL-21	07-19-21	IPMOT	IPMOT	IPMOT	60	0	7345.01	0		122.416833	0	38	0	84	0	17	0	43	0	0	28.3333333	77.9220779	0	3	3	0	0	0	0	0	0	3	0	0	0	0
19-JUL-21	07-19-21	IPNGA	IPNGA	IPNGA	60	0	7345.01	0		122.416833	0	38	0	84	0	17	0	43	0	0	28.3333333	77.9220779	0	3	3	0	0	0	0	0	0	3	0	0	0	0
19-JUL-21	07-19-21	IPNTG	IPNTG	IPNTG	60	1	7345.01	96		122.416833	96	38	1	84	1	17	0	43	1	0	28.3333333	77.9220779	1.29870130	3	3	1	1	1	1	0	96	3	1	96	1.29870130	0
19-JUL-21	07-19-21	IPORN	IPORN	IPORN	60	0	7345.01	0		122.416833	0	38	0	84	0	17	0	43	0	0	28.3333333	77.9220779	0	3	3	0	0	0	0	0	0	3	0	0	0	0
19-JUL-21	07-19-21	IPRAY	IPRAY	IPRAY	60	0	7345.01	0		122.416833	0	38	0	84	0	17	0	43	0	0	28.3333333	77.9220779	0	3	3	0	0	0	0	0	0	3	0	0	0	0
19-JUL-21	07-19-21	IPSAI	IPSAI	IPSAI	60	0	7345.01	0		122.416833	0	38	0	84	0	17	0	43	0	0	28.3333333	77.9220779	0	3	3	0	0	0	0	0	0	3	0	0	0	0
19-JUL-21	07-19-21	IPSGV	IPSGV	IPSGV	60	2	7345.01	172		122.416833	86	38	1	84	2	17	0	43	2	0	28.3333333	77.9220779	2.59740260	3	3	2	1	2	2	0	172	3	2	86	2.59740260	0
19-JUL-21	07-19-21	IPSTF	IPSTF	IPSTF	60	0	7345.01	0		122.416833	0	38	0	84	0	17	0	43	0	0	28.3333333	77.9220779	0	3	3	0	0	0	0	0	0	3	0	0	0	0
19-JUL-21	07-19-21	IPSTN	IPSTN	IPSTN	60	0	7345.01	0		122.416833	0	38	0	84	0	17	0	43	0	0	28.3333333	77.9220779	0	3	3	0	0	0	0	0	0	3	0	0	0	0
19-JUL-21	07-19-21	IPTHR	IPTHR	IPTHR	60	0	7345.01	0		122.416833	0	38	0	84	0	17	0	43	0	0	28.3333333	77.9220779	0	3	3	0	0	0	0	0	0	3	0	0	0	0
19-JUL-21	07-19-21	IPTSA	IPTSA	IPTSA	60	0	7345.01	0		122.416833	0	38	0	84	0	17	0	43	0	0	28.3333333	77.9220779	0	3	3	0	0	0	0	0	0	3	0	0	0	0
19-JUL-21	07-19-21	IPTT1	IPTT1	IPTT1	60	0	7345.01	0		122.416833	0	38	0	84	0	17	0	43	0	0	28.3333333	77.9220779	0	3	3	0	0	0	0	0	0	3	0	0	0	0
19-JUL-21	07-19-21	IPUTI	IPUTI	IPUTI	60	0	7345.01	0		122.416833	0	38	0	84	0	17	0	43	0	0	28.3333333	77.9220779	0	3	3	0	0	0	0	0	0	3	0	0	0	0
19-JUL-21	07-19-21	IPUX0	IPUX0	IPUX0	60	1	7345.01	105		122.416833	105	38	0	84	1	17	0	43	1	0	28.3333333	77.9220779	1.29870130	3	3	1	0	1	1	0	105	3	1	105	1.29870130	0
19-JUL-21	07-19-21	IPUZB	IPUZB	IPUZB	60	0	7345.01	0		122.416833	0	38	0	84	0	17	0	43	0	0	28.3333333	77.9220779	0	3	3	0	0	0	0	0	0	3	0	0	0	0
19-JUL-21	07-19-21	IPVU1	IPVU1	IPVU1	60	0	7345.01	0		122.416833	0	38	0	84	0	17	0	43	0	0	28.3333333	77.9220779	0	3	3	0	0	0	0	0	0	3	0	0	0	0
19-JUL-21	07-19-21	IPWLA	IPWLA	IPWLA	60	0	7345.01	0		122.416833	0	38	0	84	0	17	0	43	0	0	28.3333333	77.9220779	0	3	3	0	0	0	0	0	0	3	0	0	0	0
19-JUL-21	07-19-21	IPWQD	IPWQD	IPWQD	60	0	7345.01	0		122.416833	0	38	0	84	0	17	0	43	0	0	28.3333333	77.9220779	0	3	3	0	0	0	0	0	0	3	0	0	0	0
19-JUL-21	07-19-21	IPXA3	IPXA3	IPXA3	60	0	7345.01	0		122.416833	0	38	0	84	0	17	0	43	0	0	28.3333333	77.9220779	0	3	3	0	0	0	0	0	0	3	0	0	0	0
19-JUL-21	07-19-21	IPXAL	IPXAL	IPXAL	60	0	7345.01	0		122.416833	0	38	0	84	0	17	0	43	0	0	28.3333333	77.9220779	0	3	3	0	0	0	0	0	0	3	0	0	0	0
19-JUL-21	07-19-21	IPZAS	IPZAS	IPZAS	60	0	7345.01	0		122.416833	0	38	0	84	0	17	0	43	0	0	28.3333333	77.9220779	0	3	3	0	0	0	0	0	0	3	0	0	0	0
19-JUL-21	07-19-21	IPZD4	IPZD4	IPZD4	60	0	7345.01	0		122.416833	0	38	0	84	0	17	0	43	0	0	28.3333333	77.9220779	0	3	3	0	0	0	0	0	0	3	0	0	0	0
19-JUL-21	07-19-21	IRCUO	IRCUO	IRCUO	60	0	7345.01	0		122.416833	0	38	0	84	0	17	0	43	0	0	28.3333333	77.9220779	0	3	3	0	0	0	0	0	0	3	0	0	0	0
19-JUL-21	07-19-21	IRRCK	IRRCK	IRRCK	60	0	7345.01	0		122.416833	0	38	0	84	0	17	0	43	0	0	28.3333333	77.9220779	0	3	3	0	0	0	0	0	0	3	0	0	0	0
19-JUL-21	07-19-21	ISHD1	ISHD1	ISHD1	60	0	7345.01	0		122.416833	0	38	0	84	0	17	0	43	0	0	28.3333333	77.9220779	0	3	3	0	0	0	0	0	0	3	0	0	0	0
19-JUL-21	07-19-21	IVACN	IVACN	IVACN	60	0	7345.01	0		122.416833	0	38	0	84	0	17	0	43	0	0	28.3333333	77.9220779	0	3	3	0	0	0	0	0	0	3	0	0	0	0
19-JUL-21	07-19-21	IVALP	IVALP	IVALP	60	0	7345.01	0		122.416833	0	38	0	84	0	17	0	43	0	0	28.3333333	77.9220779	0	3	3	0	0	0	0	0	0	3	0	0	0	0
19-JUL-21	07-19-21	IVAMX	IVAMX	IVAMX	60	0	7345.01	0		122.416833	0	38	0	84	0	17	0	43	0	0	28.3333333	77.9220779	0	3	3	0	0	0	0	0	0	3	0	0	0	0
19-JUL-21	07-19-21	IVANI	IVANI	IVANI	60	2	7345.01	60		122.416833	30	38	0	84	2	17	0	43	2	0	28.3333333	77.9220779	2.59740260	3	3	2	0	2	2	0	60	3	2	30	2.59740260	0
19-JUL-21	07-19-21	IVBFN	IVBFN	IVBFN	60	0	7345.01	0		122.416833	0	38	0	84	0	17	0	43	0	0	28.3333333	77.9220779	0	3	3	0	0	0	0	0	0	3	0	0	0	0
19-JUL-21	07-19-21	IVCFN	IVCFN	IVCFN	60	0	7345.01	0		122.416833	0	38	0	84	0	17	0	43	0	0	28.3333333	77.9220779	0	3	3	0	0	0	0	0	0	3	0	0	0	0
19-JUL-21	07-19-21	IVCIT	IVCIT	IVCIT	60	0	7345.01	0		122.416833	0	38	0	84	0	17	0	43	0	0	28.3333333	77.9220779	0	3	3	0	0	0	0	0	0	3	0	0	0	0
19-JUL-21	07-19-21	IVED2	IVED2	IVED2	60	0	7345.01	0		122.416833	0	38	0	84	0	17	0	43	0	0	28.3333333	77.9220779	0	3	3	0	0	0	0	0	0	3	0	0	0	0
19-JUL-21	07-19-21	IVEDI	IVEDI	IVEDI	60	0	7345.01	0		122.416833	0	38	0	84	0	17	0	43	0	0	28.3333333	77.9220779	0	3	3	0	0	0	0	0	0	3	0	0	0	0
19-JUL-21	07-19-21	IVFF3	IVFF3	IVFF3	60	0	7345.01	0		122.416833	0	38	0	84	0	17	0	43	0	0	28.3333333	77.9220779	0	3	3	0	0	0	0	0	0	3	0	0	0	0
19-JUL-21	07-19-21	IVGPP	IVGPP	IVGPP	60	0	7345.01	0		122.416833	0	38	0	84	0	17	0	43	0	0	28.3333333	77.9220779	0	3	3	0	0	0	0	0	0	3	0	0	0	0
19-JUL-21	07-19-21	IVHVF	IVHVF	IVHVF	60	0	7345.01	0		122.416833	0	38	0	84	0	17	0	43	0	0	28.3333333	77.9220779	0	3	3	0	0	0	0	0	0	3	0	0	0	0
19-JUL-21	07-19-21	IVRAF	IVRAF	IVRAF	60	0	7345.01	0		122.416833	0	38	0	84	0	17	0	43	0	0	28.3333333	77.9220779	0	3	3	0	0	0	0	0	0	3	0	0	0	0
19-JUL-21	07-19-21	IVSHA	IVSHA	IVSHA	60	0	7345.01	0		122.416833	0	38	0	84	0	17	0	43	0	0	28.3333333	77.9220779	0	3	3	0	0	0	0	0	0	3	0	0	0	0
19-JUL-21	07-19-21	IVSHB	IVSHB	IVSHB	60	0	7345.01	0		122.416833	0	38	0	84	0	17	0	43	0	0	28.3333333	77.9220779	0	3	3	0	0	0	0	0	0	3	0	0	0	0
19-JUL-21	07-19-21	IVSTF	IVSTF	IVSTF	60	0	7345.01	0		122.416833	0	38	0	84	0	17	0	43	0	0	28.3333333	77.9220779	0	3	3	0	0	0	0	0	0	3	0	0	0	0
19-JUL-21	07-19-21	IVTCD	IVTCD	IVTCD	60	0	7345.01	0		122.416833	0	38	0	84	0	17	0	43	0	0	28.3333333	77.9220779	0	3	3	0	0	0	0	0	0	3	0	0	0	0
19-JUL-21	07-19-21	IWAW5	IWAW5	IWAW5	60	0	7345.01	0		122.416833	0	38	0	84	0	17	0	43	0	0	28.3333333	77.9220779	0	3	3	0	0	0	0	0	0	3	0	0	0	0
19-JUL-21	07-19-21	IWH25	IWH25	IWH25	60	0	7345.01	0		122.416833	0	38	0	84	0	17	0	43	0	0	28.3333333	77.9220779	0	3	3	0	0	0	0	0	0	3	0	0	0	0
19-JUL-21	07-19-21	IWP15	IWP15	IWP15	60	0	7345.01	0		122.416833	0	38	0	84	0	17	0	43	0	0	28.3333333	77.9220779	0	3	3	0	0	0	0	0	0	3	0	0	0	0
19-JUL-21	07-19-21	IWU25	IWU25	IWU25	60	0	7345.01	0		122.416833	0	38	0	84	0	17	0	43	0	0	28.3333333	77.9220779	0	3	3	0	0	0	0	0	0	3	0	0	0	0
19-JUL-21	07-19-21	IX7FA	IX7FA	IX7FA	60	0	7345.01	0		122.416833	0	38	0	84	0	17	0	43	0	0	28.3333333	77.9220779	0	3	3	0	0	0	0	0	0	3	0	0	0	0
19-JUL-21	07-19-21	IXJ95	IXJ95	IXJ95	60	0	7345.01	0		122.416833	0	38	0	84	0	17	0	43	0	0	28.3333333	77.9220779	0	3	3	0	0	0	0	0	0	3	0	0	0	0
19-JUL-21	07-19-21	IXNE1	IXNE1	IXNE1	60	0	7345.01	0		122.416833	0	38	0	84	0	17	0	43	0	0	28.3333333	77.9220779	0	3	3	0	0	0	0	0	0	3	0	0	0	0
19-JUL-21	07-19-21	IXPZC	IXPZC	IXPZC	60	0	7345.01	0		122.416833	0	38	0	84	0	17	0	43	0	0	28.3333333	77.9220779	0	3	3	0	0	0	0	0	0	3	0	0	0	0
19-JUL-21	07-19-21	IXQZE	IXQZE	IXQZE	60	0	7345.01	0		122.416833	0	38	0	84	0	17	0	43	0	0	28.3333333	77.9220779	0	3	3	0	0	0	0	0	0	3	0	0	0	0
19-JUL-21	07-19-21	IXY5E	IXY5E	IXY5E	60	0	7345.01	0		122.416833	0	38	0	84	0	17	0	43	0	0	28.3333333	77.9220779	0	3	3	0	0	0	0	0	0	3	0	0	0	0
19-JUL-21	07-19-21	IYOTH	IYOTH	IYOTH	60	0	7345.01	0		122.416833	0	38	0	84	0	17	0	43	0	0	28.3333333	77.9220779	0	3	3	0	0	0	0	0	0	3	0	0	0	0
19-JUL-21	07-19-21	IYOTH14	IYOTH14	IYOTH14	60	0	7345.01	0		122.416833	0	38	0	84	0	17	0	43	0	0	28.3333333	77.9220779	0	3	3	0	0	0	0	0	0	3	0	0	0	0
19-JUL-21	07-19-21	IYOTH30	IYOTH30	IYOTH30	60	0	7345.01	0		122.416833	0	38	0	84	0	17	0	43	0	0	28.3333333	77.9220779	0	3	3	0	0	0	0	0	0	3	0	0	0	0
19-JUL-21	07-19-21	IYS00	IYS00	IYS00	60	0	7345.01	0		122.416833	0	38	0	84	0	17	0	43	0	0	28.3333333	77.9220779	0	3	3	0	0	0	0	0	0	3	0	0	0	0
19-JUL-21	07-19-21	IYS0G	IYS0G	IYS0G	60	1	7345.01	185.54		122.416833	185.54	38	1	84	2	17	1	43	0	100	28.3333333	77.9220779	1.29870130	3	3	1	1	2	0	1	185.54	3	1	185.54	1.29870130	100
19-JUL-21	07-19-21	IYS10	IYS10	IYS10	60	0	7345.01	0		122.416833	0	38	0	84	0	17	0	43	0	0	28.3333333	77.9220779	0	3	3	0	0	0	0	0	0	3	0	0	0	0
19-JUL-21	07-19-21	IYS12	IYS12	IYS12	60	0	7345.01	0		122.416833	0	38	0	84	0	17	0	43	0	0	28.3333333	77.9220779	0	3	3	0	0	0	0	0	0	3	0	0	0	0
19-JUL-21	07-19-21	IYS14	IYS14	IYS14	60	0	7345.01	0		122.416833	0	38	0	84	0	17	0	43	0	0	28.3333333	77.9220779	0	3	3	0	0	0	0	0	0	3	0	0	0	0
19-JUL-21	07-19-21	IYS15	IYS15	IYS15	60	0	7345.01	0		122.416833	0	38	0	84	0	17	0	43	0	0	28.3333333	77.9220779	0	3	3	0	0	0	0	0	0	3	0	0	0	0
19-JUL-21	07-19-21	IYSIB	IYSIB	IYSIB	60	0	7345.01	0		122.416833	0	38	0	84	0	17	0	43	0	0	28.3333333	77.9220779	0	3	3	0	0	0	0	0	0	3	0	0	0	0
19-JUL-21	07-19-21	IYSVC	IYSVC	IYSVC	60	0	7345.01	0		122.416833	0	38	0	84	0	17	0	43	0	0	28.3333333	77.9220779	0	3	3	0	0	0	0	0	0	3	0	0	0	0
19-JUL-21	07-19-21	IYSWG	IYSWG	IYSWG	60	0	7345.01	0		122.416833	0	38	0	84	0	17	0	43	0	0	28.3333333	77.9220779	0	3	3	0	0	0	0	0	0	3	0	0	0	0
19-JUL-21	07-19-21	IYSWV	IYSWV	IYSWV	60	0	7345.01	0		122.416833	0	38	0	84	0	17	0	43	0	0	28.3333333	77.9220779	0	3	3	0	0	0	0	0	0	3	0	0	0	0
S_DEF_ROOM_REPORT	S_REV_REPORT	TOT_ARR_REPORT	LOGO	ARR_RMS_REP	GUEST_REP	SINGLE_OCC_REP	DOUBLE_OCC_REP	PER_OCC_REP	REP_ROOMS	REP_DOUBLE_OCC_PER	CS_SUM_OO_REP
60	7345.01	122.416833		38	84	43	17	77.9220779	0	28.3333333	3
